  30  1021 74  974175 2195940
  30   539 58   79826  220996
  30   358 68   71653  129398
  30   180 49  737417   99912
  30   522 68  835277 3999999
  30   181 62   20401  588243
  30  1056 81  968205  190727
  30   148 67   19661 3999999
  30   216 51  275403  705506
  30   254 74 1540452 1420664
  30   539 69  110916  168399
  30  1065 70   78148  130643
  30  1024 66  124023 3999999
  30   540 60 1896655  127239
  30   280 60  675762  124277
  30   214 58   20580  183577
  30   542 54  154088  216316
  30   357 81   49182 2263414
  30   548 70   59803 3999999
  30   135 66  281759   34528
  30    99 55   84305 2558965
  30    81 58  172265  753245
  30   212 60  160983   71641
  30   155 67   97037   39455
  30   175 89   28576  117202
  30   522 82  156588  165365
  30   153 63  194782  396200
  30   182 69  460710   87150
  30   154 70 1144526   82577
  30   137 68  509548   77731
  30   271 68 1029826  423157
  30   359 63   36698   86907
  30   212 71   51558   30341
  30   212 71  256102 1134397
  30   523 69   60706  205598
  30   136 72 3999999 1852759
  30   362 59   11525 3999999
  30   178 80   35140 1080626
  30   147 70   27967  449721
  30   534 74   26761   96022
  30   550 73   97872  752277
  30   523 72  104030  723394
  30   182 57  106740  746580
  30   368 75   21347  374762
  30   262 63   18305  130230
  30   116 79    9378  671068
  30   173 67  224478  285824
  30   131 69  200339 1044305
  30   359 66  414662  235515
  30   545 64  102724  831686
  30   261 82   29817  156767
  30   351 69  115100 3999999
  30   536 65  184289  148059
  30   150 79   11385   33833
  30   539 66  203382 1129962
  30   111 66   16681  226618
  30    81 63 1759981   83204
  30   215 65  115205  112003
  30   118 79   25441  118877
  30   214 68 1622277 1428026
  30   135 59   71415  200124
  30   171 67   48102   14633
  30   221 74   10315  259564
  30   184 67    7579  155597
  30   354 54   28008 1244043
  30   553 67  127280  638893
  30   130 65   61441   89105
  30   153 65  298587  282136
  30   273 68   18002  494670
  30   371 63  309899 3999999
  30   355 55  207185  112441
  30   133 76   65705 3999999
  30   367 66   21558   34551
  30   119 47  115552   28682
  30   107 77   35225  160508
  30   177 71    8686 3999999
  30    94 65   34090 3999999
  30   211 70   63597 1177974
  30   565 72  536127 1063881
  30   186 75   11750 3999999
  30   213 67   58623 1181329
  30   216 61  195366  905389
  30   525 59 1916038 2258130
  30   220 54   48457    5958
  30   360 71   58503 3999999
  30   207 71   53579   15118
  30   215 92 3999999 3407899
  30   217 62    5586  445818
  30   370 62 3102384  105361
  30   276 60   72102 1232969
  30   149 66  354475  229928
  30   105 66  322508  799250
  30   136 71   66435 2319239
  30   200 65  272336   97017
  30   523 71  671111  262701
  30   153 72 3999999 3304561
  30   213 65   11899 3046328
  30    70 70  969027  445796
  30  1015 69   21288  243387
  30   543 58 3999999 3999999
  30  1046 64  121054  173198
  30   132 72  920546 1507274
  30   205 64  151817 3999999
  30   151 60  121321  892267
  30   266 66   72963  104292
  30   108 53   42849  133478
  30   149 55  192195  184304
  30   263 61  110316 1017385
  30   217 66  172310  207007
  30   360 86   11650 3999999
  30   216 68 3999999 3999999
  30   132 62   23355   30308
  30   517 66  145303 1556986
  30   536 70 3218625  415350
  30   262 62  388236  107575
  30   152 80 1419534  196484
  30    95 69  111878 1597376
  30   357 75  538391 1432885
  30  1074 76 1767091  175697
  30  1078 63    7157   14253
  30   353 73   21763 3999999
  30   212 76   59582  114094
  30   151 66  194423  101490
  30   358 68  201629  253883
  30   355 73   13349 2585351
  30   542 63   28341  468586
  30   264 67 3999999 1240447
  30   262 65  153645   45278
  30   120 69  239469 1255320
  30    91 61  478866  455163
  30   542 69  140625  185837
  30   353 69 1448978  342976
  30   214 61   13353   45637
  30   131 69  762056 3999999
  30   179 66 1490573 3999999
  30   349 67  899526  763180
  30   257 66  181488  113850
  30   214 56 1790205  786949
  30   265 60  132606  103891
  30  1052 63 1544157 1714602
  30   137 58  142457  130057
  30   218 62   82945   43635
  30   155 67 3999999 1652435
  30   518 55   49193   41132
  30   175 75    7954  156227
  30   106 74   71659 3999999
  30   274 63   42511  378412
  30   160 64 3999999  777847
  30   179 68  183801  323979
  30   218 65  168863   78651
  30    96 50  134282   13194
  30   275 71  551846 3999999
  30   183 66  286433 1350917
  30   212 60 3999999  177044
  30   265 53   47830   30148
  30   372 62  121234  235693
  30  1062 68   13449  939412
  30   269 49  121639  152674
  30  1096 59 3999999   47600
  30  1071 67  133797  119553
  30   131 68    7780   39715
  30   216 63 3999999 1289149
  30   186 65  309280 3999999
  30   269 74  314287  109385
  30   129 62  639145 1098482
  30   131 74   16208   83755
  30   518 71  160659 3999999
  30   175 70   14705    9769
  30   265 69   95351  254455
  30   147 94   13887 1607092
  30   278 76   78028  499407
  30   529 62   44732 3999999
  30    98 64  157671 3999999
  30   216 72 1120147 1004245
  30   264 68   15766   21597
  30   211 67    9079  495756
  30   543 64  607911  297898
  30   257 58  350038 2182239
  30   364 68  353547 3999999
  30   106 69   61380  253448
  30  1100 80 3999999  225510
  30   213 72  139645  366302
  30   545 73   47829   73807
  30   178 72  282935   85176
  30    91 55   90490  285734
  30   208 62  110229   63624
  30   354 60   20218  198816
  30   271 63   39086 3999999
  30   110 65  323383 3999999
  30   169 63   92202   24136
  30   361 73   99416 1234737
  30   274 82  172083   89894
  30   175 74 1687130  875294
  30   352 56  162325 3999999
  30   116 62  366984   13644
  30   152 67   90081 3999999
  30   132 53   57284  616882
  30   153 70 3999999 2282312
  30  1059 57  107309  570651
  30   175 66   27004  117796
  30   281 70   94537 2759632
  30   108 68   11044 3999999
  30   265 69   32056 3999999
  30   151 57   66634  507521
  30   132 66  145045  130539
  30   139 59   73126   69468
  30   179 71   87155   57937
  30   518 66   72112   15544
  30   179 64  114311  213051
  30   351 62   19526  681378
  30   212 59  127120 3999999
  30   181 65  184775  431681
  30   150 71 1670218   89075
  30   363 80  261683 3999999
  30   219 65   29613   79186
  30   145 64  169467  469109
  30   208 59    2887 1217805
  30    88 58   49433  217540
  30   266 64   54175  289783
  30   259 69   43882  172404
  30   150 59  859198   20292
  30   117 59   18762 3071492
  30   206 68   23756   27651
  30   182 71   38292  568592
  30   113 60  103392  102948
  30   134 59   79288 1956423
  30   179 63  329071 3999999
  30   180 62  470631  544767
  30    85 68 3999999 3999999
  30   177 62  122096   52136
  30   537 63 3957871 3999999
  30    99 70  693283 3095081
  30   141 64   14413  274514
  30   178 72 1186499  313103
  30   218 67   53446  661787
  30    82 59  484738 1654741
  30   130 65  384886  602748
  30   104 85 1498833   93400
  30   218 63   27486 3999999
  30   210 63   58343  113189
  30   174 61  159110 1828947
  30   265 71   17375 3999999
  30   545 79   97584   74515
  30   175 79  145314 1485012
  30   154 77 3193364  936873
  30  1106 59   37449  110914
  30   253 76   10244   43192
  30   352 71  107555   16494
  30   540 63 1081116  883948
  30   209 63  126233  232261
  30   332 67  483006  331315
  30   213 70   33501   61942
  30   266 71  100063 3999999
  30   351 74 2822558 2295841
  30   273 72  185006  936530
  30   548 64    8410   41350
  30   273 77   59807 1451529
  30   267 98  122896  303556
  30    89 53  169573  194230
  30   151 60   86328 3764668
  30   270 61   48176  189578
  30   272 71   14552  809716
  30   536 66  313924   89191
  30   180 73   59206 3799843
  30   155 59   24672   31153
  30   210 73 3999999 3999999
  30   118 58   25179  409815
  30    90 63   62818   16337
  30   182 76  179614 1198014
  30   134 71  174408  107587
  30   133 61   68935   18023
  30   169 64  441193 2752781
  30   338 62  341922  181494
  30  1068 81  242211  798527
  30   267 55    8229 3999999
  30   150 72    6005 3999999
  30   135 73 3999999 3598690
  30   128 57   47151   25341
  30   151 75  699966  116346
  30   108 66  244321 3999999
  30   209 74  313425 2255586
  30   267 69  670411 3999999
  30   214 59  219886   93381
  30   154 66   12022  529806
  30   363 63 3999999  196428
  30   529 74 3349009  125797
  30   173 60  177532   12086
  30   184 61  191724 1224502
  30   553 67   12416  291783
  30    95 63  152293  331303
  30    60 58  143658   55891
  30   275 79 2453089 3999999
  30   179 88  545901  299116
  30   365 82  466010 1101853
  30   183 55   74637 1136082
  30   559 71   22576 3999999
  30   365 71  677924  571587
  30   361 66   35893  788003
  30   132 77  227276 1301727
  30   520 63   47765 3365991
  30   112 47   96737   59855
  30   511 65  373280  248776
  30   154 74  361905   37788
  30   133 63  156714   92036
  30   215 65   31266  425517
  30  1049 70   17166  118434
  30   543 58  167585   39376
  30   209 77 1657809  547480
  30   156 66  200614  414820
  30    94 57    5243  920415
  30   219 74   17235 1689384
  30  1065 71  591872  637715
  30   151 66   13735  869475
  30   273 63 3999999 1080435
  30   363 66  117132  813212
  30   213 63   31191  325174
  30   205 80 2237506  122739
  30   210 59   64940 2052325
  30   118 65   38018  431102
  30   132 51  570203 3999999
  30   254 77  628904 3999999
  30   262 66  212854  269423
  30   353 74 1367964  907555
  30   213 59 2623983   73720
  30   212 71   44278 3999999
  30   277 79   54880   65586
  30   121 60 2615406 1938411
  30   258 60  397968  259735
  30   177 78 3002911  973702
  30  1100 63 1154839   20805
  30   267 71 3999999  178330
  30   522 59  340029 1826808
  30   348 79  108122 1430899
  30   270 63 1276091 2220691
  30  1093 69  204328 3643155
  30   354 60  222150 3999999
  30   545 77  538022 2562128
  30  1059 65   25424  175199
  30   545 74 3999999 1797279
  30  1062 73 1377950  205126
  30   149 60  155215   61061
  30   365 68   10432 3999999
  30   150 74  150880 3517686
  30   275 65 2792747  117944
  30   514 72 3999999 2287635
  30   269 74   85696  331666
  30  1040 70  880552 3999999
  30   351 67  259076  176128
  30   362 78  314666  139440
  30   565 83   58379  339577
  30   212 66   30725   26585
  30   130 61   33559 1743118
  30   556 62   19624 1551883
  30    79 58   32252   96920
  30   101 57  149538  280936
  30   131 61  608289 1759341
  30   363 58 3999999  428151
  30   267 64   50072   72540
  30  1034 72  119597  132277
  30   531 74  272944 3999999
  30   159 63   19908  383355
  30   155 57    4956   43713
  30   218 73  390947 3999999
  30   547 65  328371  100928
  30   363 69 1312013  242727
  30   271 73  207348 3452823
  30   222 72 1179957 1311441
  30   182 75  105983  656101
  30   274 64   35593 3999999
  30   548 51  350114 1533231
  30   269 67   27761 1531020
  30   354 84   58210  879041
  30   353 68  473443  272859
  30  1065 79 1915621   49908
  30   351 63  331237   63198
  30   134 65  136827  503275
  30   212 61  224457 2107039
  30   259 57   13355 3999999
  30  1065 76   62456   65193
  30   540 73   74306 1888510
  30   515 58   45748  394648
  30   522 62   57363  235993
  30   132 61   75013 1632610
  30   135 61  101977   24468
  30   262 60   77685   26334
  30   218 83  303981  423355
  30   213 72   13432  649251
  30   357 88 1886203  216942
  30   550 61  106767   37297
  30   184 63  179613 3999999
  30   208 67  160858   60733
  30   545 66   93144 1377010
  30   148 66  868881 3999999
  30   547 65   25808   63819
  30    60 48    4737   24855
  30   354 60 1726261  103550
  30   132 61   62102  124192
  30   175 58  112436 1490739
  30   175 78   95533   35414
  30   363 67   41424  682813
   5    14 23     854    2126
   5    10 18     992    4535
   5    15 18    1839     861
   5    16 24    3248    3127
   5    11 30    2812    4256
   5     9 16     360    1827
   5    20 39    4721    5649
   5    17 27    2664    1670
   5    17 20    1657     781
   5    11 14     958    1765
   5    10 10     462    1007
   5    11 13     756    2001
   5    13 23    1062    2555
   5    14 12     561    1151
   5    17 27    2828    2660
   5    13 26    1242    2873
   5    11 32    1017    2775
   5     8 18     503     662
   5    12 15     753     412
   5    15 28    1827    2259
   5    11 17     451    1250
   5    11 11     294     632
   5    20 15     391    1766
   5    14 17    1451    1097
   5    16 30    3051    2647
   5    19 31    1938    2767
   5    11 13    3426    1968
   5    13 20    2328    1407
   5    12 15     758    2892
   5    13 18    4382     797
   5    19 17    3558    1807
   5    10 15     562    1484
   5    17 21    8364    1954
   5    10 16     460    1993
   5    24 15     583    4325
   5    18 13    2978    3021
   5     9 20     907     747
   5    15 19    1066    1615
   5    16 34    4699    2460
   5    13 23    1475    1446
   5    15 21    1053    3882
   5    14 18    2387    1271
   5    17 18    3486    3756
   5    16 12     379    1308
   5    11 22     894    1132
   5    14 17     837     887
   5    12 21    1118    3005
   5    11 14     568     818
   5    10 15    4922    1040
   5    14 27    3638    2693
   5    10 23     615    1617
   5     9 14    1242    1242
   5    12 11     547    1085
   5    18 15    3452    4085
   5    10 24     718    2207
   5    19 15   14915    2197
   5    10 10     436     316
   5    14 16    1577    1553
   5    10 11     401     921
   5    12 19     943    2626
   5    12 20     544    1797
   5    11 16    2552    1660
   5    11 11     645     961
   5    11 18     640     748
   5    11 19     633    1491
   5    10 16    2703    3368
   5    11 19     642    1725
   5    10 13     520    1552
   5    15 15     582    3637
   5    19 21     571    5657
   5    11 14     396    1445
   5     9 16     374     861
   5    18 15     392     995
   5    13 18    1519     508
   5    14 14     351    1661
   5     9 15     729    1036
   5     9 16     608    1188
   5    29 17    1545    1199
   5    12 12     565     719
   5    10 13     491    2830
   5    11 16     461    1409
   5     9 13     356     955
   5    21 18    1789    1472
   5    12 12    1452     347
   5    11 20     770    1238
   5    14 16     388     559
   5    17 15    1087    1415
   5    10 12     460    1177
   5    14 17     613    1151
   5    11 18     778     794
   5    26 24    3074    5186
   5    15 20    2205    2007
   5    11 28    1881    4459
   5     8 24     726    1015
   5    12 19    1297     869
   5    15 22     830    2562
   5    12 28    1959    1815
   5     8 24     744    1723
   5    12 12     509     304
   5    14 18    1002    2644
   5    11 12     292    1665
   5    14 19    2668    2463
   5    13 23    1455    3392
   5    10 12     281    1402
   5    10 14     354     790
   5    12 20    2293    1682
   5    12 22     895     775
   5    12 28    4426    1538
   5    13 22     991    1543
   5    16 32    3422    2381
   5    19 24    4126    3437
   5    14 33    2536    4783
   5    12 22    2001    1679
   5     9 16     864    2396
   5    11 27     949    2018
   5    16 13    1701    1542
   5    12 13    2225    2207
   5     9 12     866    1525
   5     9 16     603    2054
   5    15 23     874    1257
   5    12 11     911    1291
   5    12 33    1318    3909
   5    17 18    3733    1432
   5    18 45    6192    3027
   5    11 27     892    1069
   5    17 29    3488    1151
   5     7 15     514     884
   5    14 25    2288    1174
   5    19 32    1198    2677
   5    13 23    5167    1292
   5    17 29    8229    4541
   5    12 22     574    2351
   5    10 12     356     756
   5    20 28    2749    4234
   5    17 16    1891    1876
   5     8 10     336    1088
   5    20 27    2170    3389
   5    14 26    5368    1259
   5    13 15    2369    3571
   5    14 21     813    1680
   5    11 21     988    1460
   5    10 11     378    2038
   5    10 19    1081    2620
   5    15 18     574    1555
   5     9 18     615    1903
   5    14 18     584    3331
   5    14 12    1391    1498
   5    14 14     391    2915
   5    13 14     871     797
   5    15 24    5109    4051
   5     8 10     248     248
   5    11 19     710     863
   5    15 17    1130    1920
   5    15 14     437     741
   5    10 12     342     376
   5    12 16     782    1207
   5    15 12     573     406
   5    20 17    1371    3009
   5    11 15     417     615
   5    16 26    7603    7465
   5     9 12     300    2674
   5    10 17     718    1641
   5    11 21    1796    2051
   5     9 12     408    2955
   5    13 12    4978     632
   5     9 10     332     553
   5     9 12     351     472
   5    12 21     821    1357
   5    11 12     892     921
   5    13 13     357     880
   5    10 12     291     429
   5    12 13     351    1111
   5    12 14     507     517
   5    12 14     461    2569
   5    14 14    1766    1187
   5    10 23    1256    1111
   5    15 18     472     854
   5     8 26     783    2377
   5     9 20     998     894
   5    11 15     898    1927
   5    17 22    3199    3609
   5    12 13     765     782
   5    11 19     606    3892
   5    11 12     823    1225
   5    11 30    2181    2472
   5    13 16     511    2667
   5    10 11     374    1788
   5     9 10     923    1202
   5    16 16    2091    1346
   5    10 14     428     951
   5    14 30    1375    5015
   5    11 19    1095    1093
   5    14 26    1964    1949
   5    12 11     263    1801
   5    16 13    1447    1871
   5    20 26    1603    3266
   5    33 33    6853    3987
   5     9 18     485    1286
   5    16 14    2486     811
   5    19 13    3015    2529
   8    32 26     945    2114
   8    19 25    7617    1648
   8    40 39    5586   12970
   8    22 24    7856    2372
   8    64 62  367763   99434
   8    33 26    4492    4191
   8    21 23   18121   31227
   8    25 26     825    5371
   8    12 16     668    1780
   8    77 31    4540    2489
   8    34 34   39553    5084
   8    21 30    2623    3413
   8    30 25   16100    6314
   8    18 25    1361    5557
   8    37 44    5756   60199
   8    13 17     568    2582
   8    23 16     356    5669
   8    14 12     341     346
   8    30 36   30362  271354
   8    53 25   85779    3912
   8    16 22    3308    2463
   8    51 63 1452260   69756
   8    22 24    7576   21817
   8    17 27    2797    3611
   8    36 30    2648   16640
   8    39 63  129002  197529
   8    27 32    2909    4875
   8    54 30   44789  443769
   8    30 16    1991     976
   8    31 45   21550   20500
   8    16 13    1297     533
   8    19 20    1649    2013
   8    16 21    1356     994
   8    45 23   52335   33352
   8    24 21     730     792
   8    16 14    3178    8697
   8    23 20    1023    1341
   8    24 40    9638    3420
   8    25 20     695    1864
   8    14 19     800    3309
   8    23 24   11203    5795
   8    34 42   72194    5965
   8    24 41  286695  108658
   8    20 36    1681    6499
   8    12 15     817    1193
   8    20 25    2798    1380
   8    28 35   16176   11649
   8    52 30  173064    4224
   8    28 27    8904    1676
   8    25 36   12436    1417
   8    18 27    1752    3236
   8    26 33    3782    2156
   8    29 34  313584    9432
   8    50 27    5583    3819
   8    24 22    8161    3606
   8    23 28    5903    5352
   8    22 30   10855    3372
   8    16 18    1782    2712
   8    25 15   79043    6922
   8    23 14   10248    2615
   8    27 30    6544    8819
   8    53 67   68740  116639
   8    36 30   18055   16737
   8    35 18  444542     865
   8    31 19   17738    8131
   8    34 47  204084    8744
   8    35 40    2684    9365
   8    22 25    6166    4320
   8    36 30   17517   47196
   8    18 20    6479    4768
   8    27 34    5840    9164
   8    46 43   32724   20879
   8    20 20    1387    1604
   8    18 27    6925    3459
   8    26 33   19487   22206
   8    21 18    1071    1256
   8    37 47  980034   34201
   8    19 13   12004    4332
   8    14 12    2161    1079
   8    44 19    6898    1440
   8    18 17     851    1640
   8    18 24     587    4531
   8    23 24    2417   25041
   8    32 39    3865    1611
   8    59 22  323512    1792
   8    12 13     397    1126
   8    44 32   48286   22700
   8    38 40   11724   41680
   8    30 26   10924    2590
   8    38 41    3962  187720
   8    44 44   18394   36166
   8    17 19    2972    1363
   8    21 21    1736    1580
   8    17 17   14099    3563
   8    14 29    1694    3550
   8    23 26    1432    2408
   8    14 28     997    4650
   8    57 29   41868  690422
   8    22 37   40850    1572
   8    42 27   21493    4352
   8    27 18    1035    1858
   8    29 20   20960    1530
   8    36 53   32362    9032
   8    32 32   13172    2748
   8    22 19     980    2887
   8    23 23    3569    3355
   8    28 25    2808    4426
   8    14 14     604    2166
   8    26 25    6602    2592
   8    19 18    1240    2872
   8    29 25    5209    2636
   8    18 32    2362    9294
   8    23 25    1298    2175
   8    21 23    3342    8557
   8    28 22     524    2342
   8    15 13     424     893
   8    35 47   77440  398922
   8    18 22   54169    5684
   8    31 23    6747    3058
   8    84 49  788161   56526
   8    23 25    7452    3012
   8    23 18    1471    8858
   8    12 15     560    1852
   8    23 34    4526    4356
   8    24 20    3837    2989
   8    16 17    2415    1800
   8    41 24    2642    1312
   8    34 28    5158    9763
   8    34 21    8890    4359
   8    31 25    2290    4590
   8    19 16     455    1045
   8    45 27    4444    4662
   8    40 26    3692    4431
   8    39 53   16327 2999999
   8    16 17     847    2097
   8    31 29   12701    4082
   8    25 28   11428    4415
   8    31 25    2295    4006
   8    27 31   29899    4987
   8    35 18    1719    2822
   8    36 50  145617    6992
   8    34 32   32607    6923
   8    23 25    4753    3552
   8    45 22     760    2406
   8    60 39  143940  268449
   8    16 22     861    1807
   8    29 19    3135    8459
   8    23 39   62966   25956
   8    16 19    1864    1802
   8    47 36   10564   30977
   8    26 15    1381    1431
   8    18 31    2791   22938
   8    28 18    4316    1499
   8    18 36    3275    6345
   8    23 23   10195  100299
   8    19 17    1396     873
   8    62 41  136113   22811
   8    66 30   70729   18519
   8    22 24    4304    1493
   8    21 26   13128    3993
   8    57 48  437096    4413
   8    33 24     960    3907
   8    34 35  193314   30693
   8    27 39    6332    8309
   8    28 29    2362   29921
   8    23 35    6834    2745
   8    31 21   87546    2110
   8    23 39    9653    3131
   8    24 19    2628    2576
   8    46 34   10139   12544
   8    19 30    8433    7271
   8    14 14     520     492
   8    34 51   13309   29549
   8    28 34    2552    2718
   8    39 44   17269   76475
   8    30 28   66414    7975
   8    49 23    6631    1768
   8    26 23    4799    2276
   8    43 31   11891    7116
   8    39 49   31901   14005
   8    33 32    2486   61910
   8    21 28    4259    3659
   8    53 37    3703    6160
   8    37 32   46620    6416
   8    20 29    1079    2190
   8    26 19    8655    1392
   8    12 13     366    1088
   8    55 22   11980    2201
   8    53 23     920    6913
   8    21 28    9278   65015
   8    23 21    3417    6346
   8    21 36   14960    3698
   8    22 19    2535    4528
   8    18 15     471     494
   8    15 21    2902    6106
   8    30 38   12494    8360
   8    19 27   35677  154528
   8    34 17    2072    6783
   8    18 15     491    1444
   8    28 28   15171   14393
  11    53 21   26507    2629
  11    65 23   33337    2275
  11    57 40  195623   49710
  11    90 24   12195   10512
  11    73 49  102228  314253
  11    93 49   38419 2999999
  11    44 50  133128   14241
  11   127 38   32811   39151
  11    84 29   24365   60075
  11    87 58  115762   46758
  11    41 43   32965   68840
  11    54 27   31761   60224
  11    65 24    9595    1952
  11    66 43   18258   47875
  11    97 46    8521  128854
  11    22 14     604     695
  11   114 38   10212  720078
  11    85 28   53384    2819
  11    60 41 2999999    3558
  11   105 73    1134    1894
  11    42 25  152129    5222
  11    24 17    4236    1086
  11    52 33    1915   16442
  11    27 29   11559    3369
  11    91 39  201770 2999999
  11    39 36    6521   18140
  11    66 42  149490  324528
  11    34 35   94712    5198
  11    46 28   13208    4684
  11    63 35   15180   67213
  11    43 32   26544    5179
  11    26 20   24854    4638
  11    50 35   59062  155806
  11    69 21  338451    1570
  11    40 28   22170   14582
  11    64 47   27821    6528
  11    71 43  175656   21100
  11    34 17    1946    1600
  11   117 43  125092  430027
  11    42 22    2845    2523
  11    34 17    1488    5376
  11    41 32   62995    4247
  11    39 31  242860   10391
  11    50 42    8167   32012
  11   147 34    2630   17336
  11    35 32    2588    4703
  11   147 27    4735  281631
  11    16 15    1699    1618
  11    64 46    4399  141587
  11    32 20    6062    6462
  11    19 19    1265    1256
  11    72 29  113522 1123313
  11    79 53  172988 2999999
  11    55 52  157540  659460
  11    59 29  255478    4008
  11    33 47  279794   16310
  11    41 44   23079   33664
  11    76 34   16693 2999999
  11   211 30  246979  609847
  11    35 34    9924   12224
  11   113 36    9021   24389
  11    71 19    4171   21335
  11    52 16    1910   10259
  11    18 23    2586    5594
  11   115 47    9398 2198447
  11    61 44   95439  225529
  11    32 38    2800   11397
  11    32 34   12809    8399
  11    60 23  194139    9572
  11   105 20    5155     808
  11    47 30   71477  147667
  11    62 30    2224 1227568
  11    19 23   10357    8107
  11    68 32   25905    6868
  11    94 24  274646   31571
  11    89 25   43142    2211
  11    21 15    4314    3732
  11    38 24    1220    9476
  11    60 22    7160    5165
  11    55 40   70308  240018
  11    39 34    5639    4474
  11    35 37    3653    6567
  11    80 30   13392   12600
  11    45 19    3288    1417
  11    85 25    4944    5672
  11    89 37  121084   65330
  11    70 29  139005    1805
  11    81 40   49931   22391
  11    40 33   25629   29402
  11    72 45   20364   39150
  11    32 35   17500   10195
  11    86 58  765180  150915
  11    52 40   13213   10131
  11    24 16   13497    1267
  11   117 55  489228  151487
  11    45 40  299159  549880
  11    53 39   17565  133385
  11    37 27    5209    4286
  11    33 19    3405    2164
  11    86 56  120585 1217130
  11    64 37  154078 1424593
  11    62 36    6879   34049
  11    47 30    6918    8278
  11    58 54  104172   34316
  11    33 31    6967   48907
  11    59 39   63931   32919
  11   143 32   70846    7068
  11    42 54   20989   42470
  11    66 33   39514   23857
  11    20 19     829    3267
  11    59 46    6025   11684
  11    16 12    1515    1111
  11    37 21    2952    1416
  11    35 38   16643   16065
  11    65 56   51234  305220
  11   174 56  175989  983449
  11    58 31   15662  102684
  11    20 30    9928    3996
  11   114 54   54703  142283
  11    30 18     666   10603
  11    42 46   33784    8104
  11    47 17    6886    1624
  11    34 41  152080   38768
  11    95 37   47504   23293
  11    51 39   18989   31406
  11    53 22    4135    6499
  11    31 24    3754    7954
  11    46 19    1502    4189
  11    53 24   52907    3144
  11    40 36    6458    5910
  11   113 29   76717    4066
  11    61 56   57295   15219
  11    70 25     631    2876
  11   111 33   30654    5437
  11    90 39   17505   41641
  11    48 46  179447  256477
  11    26 21    3201    2078
  11    69 36   15221  589279
  11    30 22    9003    7005
  11    38 33    3126    4396
  11    47 47   66245    4684
  11   164 60  671008  586471
  11   117 36  215490    7903
  11   125 35   97785   11751
  11    80 32  116705   32738
  11    39 54   91331  498065
  11    56 21   68010    8032
  11   102 29    3204   40153
  11    51 28   42823   15626
  11    85 23    2260    5319
  11    51 35  568398   60642
  11    74 38   22668    9038
  11    51 27   13382    2534
  11    85 59  409100  165406
  11    39 21   14911    3527
  11   131 28   10377   24042
  11    32 38   27486   16310
  11    80 42  451450   39559
  11    24 20    4026    3094
  11    37 22   23853    1753
  11    74 59    9540  796830
  11    32 27    6376   22253
  11    36 25   62601    7653
  11    23 17    2718    2603
  11    22 26    1952    3984
  11    45 31    7790   23362
  11    80 43  105154   47722
  11   105 46   30794   15409
  11    33 32   27049    1424
  11    22 22    3653    4007
  11    25 15     548    2491
  11    72 32   17026  282103
  11    96 51  119511  126698
  11    70 33    9054  199652
  11   110 53   28173   18794
  11    42 33   15096    5453
  11    65 59   78699  718354
  11    53 35   24342    3710
  11    37 42   29540   23260
  11   100 35   68466   16065
  11    50 18   30335    4080
  11    92 25    1356    7736
  11    47 21  159306    2707
  11    93 46    6848   82270
  11   143 27   44763   27301
  11    53 37  129130    8496
  11    40 46   63614  706425
  11    64 24   12273    5857
  11    37 43  201062   29336
  11    54 25   47578    6185
  11    25 20    4720    1383
  11    66 21  140293    1636
  11    33 24   21534    1614
  11   100 54  309756   15786
  11    80 45   22492  106822
  11    33 34    3593    7001
  11    60 52    9755  300110
  11    28 29   14707    3711
  11    27 25     850    4826
  11   104 34   18168    8115
  14    46 28  397767    6642
  14    82 25    2732    5258
  14   119 45 2999999    7436
  14   108 56  235308 1132894
  14   175 46  131039   52100
  14   263 44    2709   12133
  14    96 23  125143    3020
  14    60 21     682    2525
  14    97 52 2712471 1007760
  14    61 52   17692   17405
  14    47 34   59636  526961
  14   102 29   30327  415752
  14   148 34    6476    8189
  14    55 36   80815    2965
  14    37 30   17413    7550
  14    66 45   18999  613004
  14    82 29    4150    8789
  14    73 26    2659    2196
  14   106 58   14546   89294
  14    66 63  174534  135345
  14   106 26   46636    1707
  14    52 37   69914    6048
  14    40 62   72210  378127
  14    61 30   10632    1093
  14    55 30   41776   24429
  14   101 34   62470   77075
  14    76 28    9771    6677
  14    76 36   56243    3718
  14    48 24  106301    4143
  14    77 52  417667 2999999
  14    29 38   15945    3716
  14    61 30  169833   15797
  14   101 66   79387 2431422
  14   147 36  169584   39678
  14   254 55   12536  123505
  14   182 28  140753   18716
  14   116 56   33617 2999999
  14    98 46   24390  126936
  14    22 15    2130     893
  14    80 49    5302   51458
  14    59 20   12581    4356
  14    94 41  190330    4161
  14    43 19    2968    2042
  14   148 33  135908   72670
  14   114 36   62590   42910
  14    84 50  416323  200276
  14   130 31   18065   45614
  14    33 47    9829   41086
  14   102 46  707870 1475983
  14    47 42  142281  818339
  14   118 40    3692  161536
  14   212 62   30818  340396
  14   212 59   27948  273164
  14    68 26   89583    2724
  14    49 25    2877    5303
  14   135 32   40227  107902
  14   209 46  385438  737203
  14   107 36  252455    5943
  14    66 71   28718  768334
  14   119 45   94313  433498
  14    53 33    6164   96876
  14   174 56   45419 1116151
  14    50 27    4516    3752
  14   148 30   86748  484509
  14    35 19   20392    2649
  14    68 36   24973 2226915
  14    87 29   12014    1079
  14    55 20    5495    1825
  14    25 19    2219    2901
  14    35 23    9743    3499
  14    52 34  321101  183684
  14    70 86 2999999  124388
  14    75 25   16108   88241
  14    53 40  544868   40581
  14   117 36   12403  311866
  14    76 45   47073   11981
  14   102 33   56591   88812
  14    95 31   14065   43771
  14   265 57  196950   63603
  14    51 44  168118   36870
  14    99 37   50241   30219
  14    59 39   37977    5095
  14    70 50   60480  432872
  14    79 32    9230   83478
  14   175 53  191144  231908
  14    54 28   50138  396025
  14   354 40   14970   17861
  14    72 23   15209   15794
  14    40 56   25466   12082
  14    46 54   55074  249170
  14    46 20   58513    1495
  14    86 47   56797 1252943
  14   131 36  230347 1547743
  14   116 61   67052 2999999
  14    64 54   53503 2999999
  14   101 40    7949    6422
  14   105 38   94573   46137
  14    41 21   10746    5500
  14    63 25   13347   20068
  14    57 35   71950   26885
  14   212 43   69575   12769
  14    73 49   12646   16561
  14    62 26   70221    5571
  14   101 52   66643  141185
  14    68 61  505006   87572
  14   118 48    5859  175033
  14    33 22   16757   17055
  14    71 38   65304    6632
  14    51 39    6086   12034
  14    68 28   37180  108415
  14    53 54  123072  148724
  14    88 23  103908    7218
  14   101 66  190732  238129
  14    60 34  374927    5221
  14    59 41  134283  758642
  14    58 44   78068   76790
  14    75 45   30020   29536
  14    97 41   88717   18694
  14    63 28    3335    7277
  14   129 39   43126   60791
  14    64 45   55144 2999999
  14    36 48   58075   80270
  14    68 24   99408    4400
  14    41 23    2603    3891
  14   117 45   27285  705865
  14   179 72  105172   17054
  14    94 23    1137    1288
  14   128 34    5929  376971
  14   123 49  185955  194661
  14   134 60   15159   77863
  14    74 22    5523    1285
  14   128 42    3803   47009
  14    77 78   52267  968716
  14   261 55    9655  175321
  14    46 43  112312  256611
  14    57 29  234664    5132
  14    64 31   37291   10509
  14   135 43  171996    4625
  14    66 52    6186   15844
  14    42 31    2590    6037
  14    50 53  183898  103868
  14    76 28   11931    3456
  14   174 38   21198  203298
  14    48 27    2984    7262
  14    25 26    1842   11807
  14   103 40    6598   27901
  14    70 23 1004415    2550
  14    43 18   12354    3086
  14    42 38    4199    8591
  14    72 34   33435   28506
  14    62 48   17543   17860
  14    43 41   80389   13014
  14    34 42  146550   21959
  14    58 25    9234    1904
  14   112 34  329414   16963
  14    69 44   60909  176510
  14    31 18   17528    1483
  14   126 54  246081   12518
  14    65 26   10204    7385
  14    98 43   23409   26947
  14    40 41   71894    9595
  14    49 39    6285    5887
  14    44 18    8553    2766
  14    86 30   20905  142785
  14   120 35   40180   89240
  14    74 34   20916 2999999
  14    63 63   37237  430342
  14    44 62  335374  127250
  14    45 31   15596    6667
  14    66 39   25331    4518
  14    55 41  130029   56845
  14    86 25    3707   12373
  14    74 56    5523  217524
  14   173 67  875002  483898
  14    53 42    6135    4460
  14    76 40  222246   12958
  14    60 23   51493    4868
  14   352 37    9192   47354
  14   202 38  135968   12645
  14    95 34    1495    3549
  14    47 42   35379   25586
  14    64 37   59372   23612
  14   212 47   13161  174584
  14    84 23 2999999    9534
  14    34 25   17862   13979
  14    95 24    3414    2533
  14   114 53  243464   24573
  14   151 39 2999999   67798
  14    35 36   33154    2227
  14   174 48  508639  132348
  14    68 26     751    1257
  14   148 49   21646  489484
  14    74 34   22796    8706
  14    42 27   82692   23231
  14    73 24 1103937    5610
  14    52 32   52128   15513
  14    41 22   17644    4486
  14    95 34   51034   16788
  14    44 49   21441   22458
  14    71 37  241865  673655
  17   131 47   24989 1737579
  17   135 25    5661    8939
  17    77 18   45068    2247
  17    93 30   64293    6802
  17   175 24    9195    2952
  17    89 40  108732   87420
  17    98 28    4557   34467
  17    81 42   43048  369086
  17   145 37  567015    3969
  17    56 27  113442    5653
  17   542 45   62681  155129
  17    46 20   18363    1919
  17    45 55   18432   24743
  17    94 44  238694  218415
  17   108 35   23026    5226
  17   116 29    5251    3993
  17   116 25   43343   13307
  17   116 31    5007    2284
  17    69 32   16472    4843
  17    98 79   70975 2999999
  17   137 62  245349  157317
  17    67 39  116687    6866
  17   221 39   50216    7437
  17   353 44    3090   47769
  17   129 51  107197  283883
  17    74 46  107960  141553
  17   148 38  107008  450846
  17   368 27   63805  117821
  17    97 33  114555    6998
  17   121 57   12380  498818
  17    75 36   56327    4167
  17   134 30    6405    5245
  17    46 38   17920   76510
  17   130 51   26350   48234
  17   116 38  386553 2999999
  17    55 31  130263   39233
  17    83 38  184190    4724
  17   132 31    3455   21124
  17   114 42   13339   17795
  17    67 26   80379   13274
  17   103 30  272963   13706
  17    61 47   29682  142975
  17   152 73   49272  271751
  17    97 23    4804    2316
  17    70 42   12367   18758
  17   126 37   29457   11670
  17    72 47  659446    4563
  17   138 37 2760418 2999999
  17   207 77   12355 2999999
  17   118 26    4985    3503
  17   161 38    4279   15406
  17   108 56   27079 2999999
  17   210 41  890619   14116
  17    63 41   26647    3206
  17   118 71 2999999   89376
  17   108 42  232022  154156
  17   177 41  290628   49073
  17   132 50   34258   31155
  17    83 33   40877    4064
  17    40 21    7544    2582
  17   106 38   34439   28871
  17    71 22    3597    1692
  17   176 38  130604   28471
  17   174 50   92239   14193
  17    49 43   14642  186867
  17    80 33    3990   29467
  17    96 37   13224    3790
  17   203 39  228405   84102
  17    97 45  262891 2999999
  17   149 44   47276   20919
  17    80 69  620775 2999999
  17    39 38   50568    6696
  17   128 32   93505 2908573
  17    87 36   46935    1157
  17   150 34 2999999   18105
  17   258 46   35625   60019
  17    60 17  435055    1399
  17   126 35   16680    9680
  17   208 29   40321    3860
  17   121 63  248173  189626
  17   210 32   43982   11778
  17   150 51   43032  298447
  17   103 46   18147  362827
  17   113 48  105145  526806
  17    53 20    6660    1440
  17    77 25    8828   16446
  17   138 28   26951   20649
  17    50 28    1368    9872
  17   107 39    8353   10690
  17   152 29    1587   10495
  17   534 54  130333  232261
  17   104 19   20685    1897
  17    98 51  154482   73159
  17   148 27   11317   41919
  17   151 34  276384   32707
  17    84 47   76810   32650
  17    71 56   24549  303929
  17    97 44    9486   11746
  17    79 40   64142  740681
  17   143 37   24804   36041
  17   117 31  949566   24812
  17    85 31   17414    7649
  17   117 25   16880   13134
  17   114 29   91764    4195
  17   158 41   27605  132989
  17    49 29    8558  100187
  17    59 49   10989   17370
  17    92 29   29920    3673
  17   114 59   60512  542073
  17    45 40    7680  863984
  17   101 39   63055   14189
  17    86 22   33071   60520
  17   149 37  461626  636819
  17   171 73   16118  713230
  17   153 61   64776  407950
  17   129 64 2999999 2999999
  17   128 48   69884   10616
  17   134 34    3750  115336
  17   204 34  395457   31702
  17    80 31 1251439    2634
  17    50 38    5479    9582
  17   152 31  347236    3078
  17    97 27   86548    4973
  17    62 41   41663  481687
  17   130 48  223735 2582073
  17    95 25   27067    3693
  17   156 37  169568  102487
  17   106 27   10782    2722
  17   113 50  177991 1619413
  17   107 57  260429  260245
  17   116 28  170118    4276
  17    80 30 1193831   17344
  17   144 46  261289 2999999
  17    88 39   15312   21421
  17    82 67  297700 2999999
  17   108 41  498290   10114
  17   101 55   87425  172946
  17   172 43    7754  174023
  17    91 27    2542   12387
  17    60 38   52139  578252
  17   118 28   14576    7912
  17   175 31   12237   34201
  17   173 65  135890  262164
  17   115 38   27721   76606
  17    89 34  139955   11934
  17   150 49   78303    5466
  17    95 44   30320  126906
  17    70 39    7818   27409
  17    52 36   91001   13056
  17   150 70  594067  947038
  17    46 31  477678 1162397
  17   109 65 1653854  977954
  17    99 45  129471    6550
  17    97 26  138767    6208
  17    72 33   44888  439357
  17   144 58  392400   11987
  17   179 51  383188 1027492
  17    87 71   33543 1136219
  17    74 50    3134 1160401
  17   107 59  240429   36694
  17   121 25  192901   11775
  17    38 44   56580   12501
  17   213 43    6373   20369
  17   212 53   27724  493163
  17   101 49  457711   12813
  17   129 30   20642   29073
  17   207 38   33467    3372
  17    72 25    7489    9041
  17   131 44   76606   19124
  17    79 51   51034  308636
  17    77 50  490402   32699
  17   173 41   29670  930032
  17   214 33   32219  170390
  17    68 39  640690   34126
  17   260 71   21507 2999999
  17   155 61  260574  565425
  17    51 34    2687   22946
  17   131 27  111142    2141
  17   130 40  580131  163164
  17   145 69  871569  359135
  17    50 29  216372    4938
  17    55 20    1114    4518
  17   185 22   10955    4040
  17    40 38   10209   84391
  17   176 52    8711 2999999
  17   128 43  136507   95513
  17   104 60   18342  105055
  17    95 26  164858    4342
  17    93 57  274336   74325
  17    43 43   33871   49747
  17    59 53  130820   12225
  17   365 46  267165 2524867
  17   328 54  197075   24889
  17   272 30  492494    5924
  17   179 47   49432   67701
  17    77 40  118101   31674
  17   522 46  274033   17626
  17    54 29    6267    2663
  17   183 22    3701    1737
  17   151 70   25149  108972
  20   121 42   81421  579566
  20    70 36    7846   21611
  20   111 43  414472 2999999
  20   208 47   18817 1589205
  20   511 45   46338   21751
  20    95 68  130735  887692
  20    79 29  115520    9733
  20   357 31   25681 2999999
  20   139 29    4155   11251
  20   124 37   63697 2999999
  20   214 38   29392 2359817
  20   266 53   46271   77708
  20    83 31   47284  350985
  20   210 39    9273  137407
  20    93 66   53474 1345920
  20   114 33   49112   12541
  20    83 41   20218   12573
  20   119 22   52373    2040
  20   177 36   58830   13517
  20    89 41   22831   50919
  20   100 47  265503  143886
  20    82 49  193868  289290
  20   135 44   34918  102200
  20   130 48    6877  173740
  20   117 61 1398981 2999999
  20   268 40  195296  341988
  20   126 35   22815  260544
  20    95 35    7807  382000
  20    93 22   11293   14825
  20   155 46   20835   41277
  20    69 23   42844    9691
  20   127 42    3752 1150318
  20    92 53   82369   45558
  20    75 39   54678   49210
  20   114 61   91305  825058
  20    98 29  129133    4850
  20   156 52  188694   10809
  20   136 29 2316114  478691
  20   120 32   93529    6057
  20   209 33   23824   23997
  20   534 34   14991   81227
  20   122 56 1619934  237306
  20   117 56   57606   38357
  20   118 33   13097   15071
  20   212 82   12853  333935
  20   352 52  183601  339171
  20   113 62    9066 2946336
  20    95 35    8583   38422
  20   183 51  191831  735089
  20    81 38  121918   70488
  20   217 38   64428 1061205
  20   110 70   37031  540888
  20    41 26    1174   44298
  20    79 54   66892 2999999
  20   211 46  109310   23448
  20   117 30   30495    2254
  20   273 23   17310    6371
  20    73 41   54640   20596
  20    87 25   24755    1683
  20   212 41   33588   64962
  20    81 36   29507  299777
  20    64 34   11336   14415
  20    63 28  249416    7321
  20   152 39  145036  236856
  20   128 39    1590   98539
  20    99 55   77369  199506
  20    80 39    8858   18368
  20   109 48   10010  166004
  20    66 36   12215    8165
  20    91 37   11182   23145
  20  1103 28   10628   15085
  20   104 56    4118 2999999
  20    87 21   47096  125094
  20   116 65  159578 2999999
  20   360 65   73053  928750
  20    82 25    5519    1112
  20   260 49  322783   19264
  20   179 27   24661    1983
  20   210 90   68952  234712
  20   117 28   23955    1439
  20   212 46  119198 2999999
  20   267 52  123910 2999999
  20    71 23   30961    7326
  20   128 39  236830  244349
  20   105 30   12683   39760
  20   126 52  333954 2187349
  20   281 26   44539   14748
  20   177 39  185463   82271
  20    54 26  151535  780190
  20   114 27    7248    4941
  20   206 64   31158  483856
  20    46 33   27989   23061
  20    94 24  122506    8179
  20   155 51   31533   51213
  20   562 58    6384   71083
  20   261 67 1183578 2999999
  20    87 25   28162    3815
  20   214 55  159500  619870
  20   170 40   17130   87093
  20    76 31   93949   29703
  20    68 45   20005   29991
  20   150 57 1094131   78545
  20   181 46  320947   28136
  20   219 21    1049    2270
  20   106 26   52625   17708
  20   153 35  186239  372534
  20    91 29   78365    3238
  20   171 42   42822   43334
  20   215 32 2018617  263767
  20   213 35 2999999   15540
  20   118 45   20049    8228
  20    44 24    7172   11322
  20   113 24    8498    9321
  20    78 31    1667    9351
  20   103 36   24521  171912
  20   263 29  108985 2999999
  20   125 55  123051  123791
  20   158 27   74070    2311
  20   121 50  119649   17363
  20   130 35   65587    8774
  20   177 24    6626    3001
  20    88 37   38234  150703
  20   252 32  603134   65595
  20   153 25   62157    2222
  20   103 33    6269   12293
  20   175 29   11883  666167
  20   172 48 2999999   20947
  20    97 51   25953  488232
  20    87 40   78868    3842
  20   520 26 2999999    2996
  20    87 39   85318  396480
  20   141 44  849667 2999999
  20    95 36  364731   13823
  20   151 48  801492  349183
  20    68 35   71551   67062
  20    59 33  122738    7936
  20   215 36   34337    2005
  20   215 34 2999999    5121
  20   149 66   16612  108289
  20    83 44   43684    6951
  20   153 63 2969602 2676308
  20   115 52 2426452  346424
  20    74 24    8652   20196
  20    97 38  323832   51984
  20    79 22  421407    4287
  20    94 37   17579   31384
  20   185 31   11001    1849
  20    94 29   23084   25924
  20   117 30 2999999    2937
  20   153 50  212064   28270
  20   270 51  180203   52959
  20   147 39 1805189   23607
  20   203 42   27306   54744
  20   181 62   74904 1041370
  20    87 34  167214   52267
  20    74 32    5555    3786
  20   147 57   24256 1291739
  20   130 25   14230   12354
  20    88 37   47944 2382329
  20   154 25    5374   17786
  20   176 37 2999999   15080
  20    75 25  163106    9869
  20   116 28   44431    6352
  20   117 57  778301  897517
  20    74 53   38066   34007
  20   121 62   20366  166272
  20   126 25  172889    9088
  20   153 68  355920   54439
  20   104 40    3455   18285
  20    42 25  139876  326168
  20   129 39  269013    9834
  20   149 40    3431   37586
  20    88 38  103092   73144
  20   178 33  185742 2999999
  20   178 34 2999999    1255
  20   207 44   23528   16474
  20   147 30  102828    2214
  20   126 57   45872   26905
  20   210 43   25601 2999999
  20   146 47    5885  476394
  20    61 24    1696    5134
  20   264 44   77962   16358
  20   212 44 1806960   75230
  20   158 26    3109   13721
  20    94 84    9256 2999999
  20   144 30  124378   16820
  20   207 41   13313  840273
  20    45 38   17686  151914
  20    81 40  300728 2999999
  20   103 27    4807    2400
  20   126 23   27803  113663
  20   104 25   25399   13323
  20    90 43    9170  179801
  20   181 35 1141705   15824
  20   149 42   14235   25507
  20   119 26   59986   14445
  20   211 48   60888   21352
  20   186 47   25672   47639
  20   158 50  122732   40160
  20   515 25  112676    5086
  23   130 48   58305   52455
  23   545 43   53570   53467
  23   131 31    1756    1499
  23    87 30   25858    6363
  23   150 26  660496    3262
  23   217 28  167969    7943
  23    98 28   76378    8471
  23   116 29  195747    1420
  23   170 44   45522  150906
  23   127 42  102818  396360
  23   106 67  419006   13963
  23   205 47  166754 1220526
  23    61 38  236660  421791
  23   185 51   85809  304995
  23   169 47    8053    6318
  23    67 31    5196   16892
  23    76 56   20913   58260
  23   523 58   13864   46091
  23   169 42   36194   42247
  23   262 43   57023   12536
  23   268 35  155896   16297
  23   361 50  714174  161502
  23   107 42  176113   24540
  23   140 34   34091  216797
  23    94 28    5452  229227
  23   120 39  687845  117281
  23   133 28   43267    2448
  23   350 29   51797   32625
  23   266 44    7417   49880
  23   147 71 2999999   98221
  23   175 56  105110   34536
  23   117 43 1611802  306322
  23   173 39   18339  113969
  23    96 30  609690  175070
  23    58 40   77745    6200
  23   130 60  807916   69721
  23   106 23    9182    4670
  23   129 31   40174   10445
  23   278 41  144203   14430
  23   146 65   85171 2999999
  23   128 32   28391    8835
  23   171 46   62760   14672
  23   180 37  334143  782060
  23    95 24   57704   26088
  23   210 30   21746   61099
  23   274 48  102071   62190
  23    97 43   27580    3741
  23    74 41   55712  226951
  23    52 30  139433    2695
  23   350 37  150294    9583
  23   214 36   38994   38559
  23   169 52  216590  455316
  23   514 32   29352   12794
  23   210 45   18415  179701
  23   126 34    4344  502482
  23   210 35   24445   17727
  23   128 52   68217   28872
  23   364 33  842432    3018
  23    77 25   17264  153539
  23   151 48   31292   31453
  23   157 45    6812   10107
  23   113 30    4862    5069
  23   132 24  132263   37537
  23   130 49  275381  214946
  23   179 30    4726    1470
  23   100 42   32836  257215
  23   153 32    6510   29425
  23   148 49  212042   31991
  23   210 24  344698    1031
  23   108 42  130195   18389
  23   212 67   28807   68952
  23    49 43    7402  440451
  23    82 25  144159    6213
  23   207 36  181124 1474920
  23   216 52   63440   54698
  23   155 36   12361   46090
  23    97 39   46512   79359
  23   213 35    3305    8160
  23   184 46    5250 1033152
  23   352 30  130931    2240
  23   110 34    6047    4679
  23   362 44   16819 2420562
  23   214 50    8994   20345
  23   116 40    2795    8470
  23   151 47  153251  107338
  23    97 38   83228    9393
  23   107 55  732890   41430
  23   149 59   79966   23319
  23   284 52   54394  342970
  23   174 37   16712    9562
  23   537 56 2180608 2999999
  23    84 48  204230   17102
  23   173 48  151003   16726
  23   178 39   48211   80480
  23    96 48   31001   47590
  23    60 45   56311   59348
  23   158 25    5007    9607
  23   151 54   21964   71125
  23   210 40  178631   30191
  23   117 29    2325   20430
  23   347 37 1117374   99962
  23   146 26   13451    5365
  23    61 46  348589   47148
  23   135 35  257672   42415
  23   215 22 1330089    1847
  23   181 31    2944   29027
  23   539 47   10770   28474
  23   103 39 1091081   24731
  23   208 34   19694   12809
  23   159 39   35473   17307
  23    96 55   14734   46913
  23   125 72  355957 1715515
  23   178 53  183187   96406
  23   216 39   23142 1971690
  23   178 28    5186    3267
  23   173 29  288175    1137
  23   151 29   47388    1726
  23   154 34  571618 1610946
  23   156 29   26765    9644
  23   355 39  266963   11791
  23    56 41   10450   57162
  23    81 37 2210573 1211876
  23   172 47  146675  582939
  23   119 42   29658   32702
  23    79 69   42027 2443800
  23   178 54  331014    9094
  23   152 43   11966    9170
  23    89 27   76886    8928
  23   134 55  764050  462300
  23   119 41  620780   28050
  23   154 48  361701   70238
  23   181 36   36796  297720
  23   102 25   13071   43886
  23    74 42   15970  219752
  23   266 56   76407 2999999
  23   358 28  234840  108225
  23   101 64    9113 2999999
  23   172 60  186805   22898
  23   214 31  197261   13444
  23    94 33    8730   58735
  23   276 42    8607 1833095
  23   122 43 1032174  122624
  23   501 41    8278   21619
  23   114 39   16880   15001
  23   532 59 2999999   56980
  23   254 72   18469 2999999
  23    99 37  103241   65548
  23    40 31    5885   89749
  23   177 24   35173    6115
  23   205 53  328048 2577002
  23   207 27   10419   36947
  23   223 36   17224   10390
  23   212 65    7795  198759
  23   146 45   19951   16080
  23   150 47  115858 2074845
  23   145 26    1681    3186
  23   154 23    2877  257891
  23   217 52  100923  192064
  23    54 24    8768    2205
  23   133 50  499102  404908
  23   269 37  130693   17025
  23   106 33   27431    3654
  23   132 79  153803   93311
  23    70 29 2999999   11910
  23   179 50   11090 2999999
  23   157 23  232542    2308
  23   150 31    8911  186246
  23   170 30    7841    1448
  23   258 36   25166   49976
  23    89 40  134989    3720
  23   345 57  431470 2999999
  23  1074 42  139610   16015
  23   146 48  171560   12421
  23   540 48  113612  802905
  23   255 29    5673   16887
  23   357 58  131456 2999999
  23   115 48   67518   62702
  23   272 55   41894   84556
  23    93 36   12560   12213
  23   350 43 2732725   19657
  23   179 26  589050    5699
  23    91 45  138901   21441
  23   132 42   21904  482375
  23   140 58  120622 2999999
  23   272 35    7964   71966
  23   264 67  288791  103878
  23    97 37   79309    3730
  23   266 50    9822    3703
  23   359 33   18895   77619
  23    63 43   96966  134541
  23   145 49 1514221  416642
  23   131 29    2633    2778
  23   150 33  128088  169928
  23   168 45   18832   21061
  23   275 45  442207  117394
  23   559 27  112339    7175
  23   222 54   56915  242471
  23   219 52   65782   45480
  23   102 32   32763    3680
  23   268 40    5107   55639