   0    35 10    1374    2917
   0    35 23    2727    1384
   0    37 28    4414    1861
   0    34 26    2048   15569
   0    38 22    3535    1937
   0    33 21   47642    1630
   0    25 23    1174    1656
   0    50 18    9151    2476
   0    42 14    1703    4121
   0    35 17    4247    9951
   0    39 20   15483    5592
   0    33 41   32368    9993
   0    42 23    1693    3351
   0    31 23   20697    6237
   0    37 12   92079     742
   0    36 11     576     377
   0    35 23   35667    8403
   0    39 34   15898    2557
   0    32 23   21215    2395
   0    40 23  143634   11507
   0    32 13   25095    1412
   0    37 25    4698   11171
   0    43 26    5957   46531
   0    37 27   34949   14311
   0    38 28    5410    4283
   0    35 16    2016     551
   0    38 15    2303    1959
   0    42 29    4606   14172
   0    43  7     193     269
   0    34 23    1603    6336
   0    35 22   14337   15785
   0    32 13   11961    4386
   0    34 35    5062    1770
   0    40 14     519    1269
   0    32 20    7948    9648
   0    35 26    7084    2665
   0    32 38    6073   10555
   0    35 13   31796    1325
   0    33  9    5447     899
   0    29 31   32605    9952
   0    37 31   15557   21759
   0    38 31   41120    8147
   0    46 10    2094     302
   0    52 15    1213    3110
   0    30 28    3763    4444
   0    41 10     233     235
   0    34 37   24476   16904
   0    34 17    6700    3123
   0    36 21    3810   10212
   0    41 18   16153    1313
   0    38 30   11415    3165
   0    37 20    1038    3456
   0    42 20   13559    2344
   0    45 43  193303   31023
   0    43 36   20511    5025
   0    47  7     181    1467
   0    35 14   26532   12690
   0    37 22    3237    2811
   0    33 25    8542    3857
   0    41  6    4183    1099
   0    38 24   17283    2176
   0    35 19   16678    1306
   0    34 32   23927    4151
   0    32 17    3956    2371
   0    42 24     877    8862
   0    44 14    6816     695
   0    52 29   16629    1446
   0    47 18     491    6201
   0    30 15    7919    3877
   0    36 34    6188   25453
   0    34 35    6736    7600
   0    44 29    9905   10152
   0    34 10     881     402
   0    32 14    2382    2029
   0    43  8    1121     583
   0    37 21    1487    2732
   0    35 24   25327    5857
   0    40 27    9205    3834
   0    44 24     916    1581
   0    32 21    6379    1480
   0    33 14    1413    2782
   0    36 29   10957    4659
   0    33 26    6417    6514
   0    41 32    8688    2784
   0    35 11     658    1268
   0    35 29   29638   12263
   0    37 14   11028    1887
   0    34 26    4682    9889
   0    34 20    2511    5812
   0    35 19   58040    1860
   0    31 37   22833    7957
   0    34 28    7654    5710
   0    32 18   10541   11364
   0    33 29   25252    2061
   0    31 28   12213    3426
   0    34 14    9820    2392
   0    40 19    1245    3136
   0    37 11    4252     555
   0    38  9    1005    1107
   0    32  7    9197     402
   0    35 17     971    3155
   0    30 11    2355     346
   0    31 15     435    1587
   0    34 28    1914    3243
   0    36 22    1823    2231
   0    31 24    8473   43251
   0    34 10   36374    2564
   0    39 21  116834    1457
   0    42 10    2021    1884
   0    36 32   96668    8643
   0    36 38    9515   28108
   0    36 28    8890    2466
   0    35 17    1057    4323
   0    36 24   20068   10709
   0    32 17   18042    4234
   0    32 25   15009   14737
   0    38 18     651    1524
   0    35  8     198     221
   0    32 26    2029    5436
   0    30 34    3031    4195
   0    38 33   23440    3217
   0    49 25    6973    2107
   0    37 24    2257    4211
   0    32 27    6028   14228
   0    34 35   12662   57821
   0    34 23   44422    2401
   0    36 18    1112     652
   0    42 16   13805    4836
   0    36 10   29724    2651
   0    33 17    5762   20410
   0    36 19   52310    1382
   0    37 39  220271    8740
   0    38 32    4719    7643
   0    36 26   26776    2115
   0    33 19    9299    4318
   0    32 31   27003    6288
   0    33 11    3063    2430
   0    31 36   99161   10187
   0    36 35   14134    7135
   0    46 29    2323   26592
   0    33 37    4731    9944
   0    32 35   24025    4817
   0    35 32   68650    1097
   0    35 15   53647    1001
   0    40 23    3739    6568
   0    39 32    2545   18305
   0    37 34    4817   21508
   0    35 37   10584    7703
   0    38 32   23793  198909
   0    34 31    4502    4981
   0    40 38   24721    2729
   0    31 27   10079    3738
   0    30 29   17084    5765
   0    35 29    7898    9016
   0    33 14   28372    1439
   0    39 16     783    2832
   0    36  9     224    3417
   0    40 18   56390    1708
   0    32 10     313     983
   0    30  8     188     854
   0    38 13  183388    3345
   0    43 32   11075    3976
   0    34 15    1290    1416
   0    34 21   61081    5599
   0    32 32    5818    8857
   0    36 33   43209   69117
   0    39 33    2339   19679
   0    36 33   72243    7523
   0    34 37    3748    2245
   0    35 21    1875    5271
   0    33 12   32190    1377
   0    31 22    6821    4230
   0    35 18   15366    4300
   0    39 21   11918    2249
   0    40 11   30440     775
   0    34 22   35032    2810
   0    31  9    2078     335
   0    42 16    8431   10519
   0    35 21    3108    2988
   0    30 34    8839    3169
   0    31 21    2230   11808
   0    39 13    8770    1849
   0    39 13    5414    2412
   0    34 11   40402    3214
   0    36 30    9354    9281
   0    32 25   47289    3908
   0    31 23    8063    1463
   0    37 38   11866    4444
   0    38 37   13276    4236
   0    45 24    3392   21342
   0    35  9    1937    2931
   0    49 38   28810   21977
   0    45 12     985    4224
   0    43 25   46944    4799
   0    42 41  146477  154421
   0    40 32    4802    2736
   0    30 33   28031    3261
   0    31 12     390    8617
   0    37 11   32023    1460
   0    41 26    9489    2388
   0    41 20   84849    2839
   0    32  9    1318    1315
   0    33 10    3805    1126
   0    33 31    5863    3263
   0    33 31    4389    2514
   0    33 21   14716    1498
   0    32 13    1406    2343
   0    32 16    2101    4214
   0    38 36   14971   11057
   0    39 28   21002    3231
   0    35 24    3237    2538
   0    38 22    1067    9780
   0    37  9    3300     319
   0    37 24    2156    3013
   0    39 26   43287    6341
   0    36 19   11042    2188
   0    32 12     406     622
   0    35 17    4279     881
   0    36 10     283    1298
   0    36 26    3980    1048
   0    39 29    1064    5758
   0    40 18   42121    1089
   0    34 32    4624   32767
   0    34 12    6157    2908
   0    33 33   72234    4167
   0    34 26    8110    1143
   0    36 15    9163    1354
   0    35 14   35381    2453
   0    39 20   22225     974
   0    34 33   73695   68063
   0    31 33   47236    3526
   0    35 33    4201    8595
   0    50 15   90517     725
   0    37 12   10641     883
   0    37 24    1026    3673
   0    37 34    4803    9956
   0    42 17    3700    5508
   0    37 27   10231    2867
   0    35 31   11487    4532
   0    30 24    2370    2815
   0    37 38    2995    5864
   0    34 29    4075    1150
   0    46 15     752     890
   0    37 19    5211   30964
   0    35 17   15995    1010
   0    34 10   37991     815
   0    36 11   30619     375
   0    38 21   30020    3396
   0    36 11     369    4556
   0    32 18    9950    8357
   0    34 12     291    1443
   0    42 27   40099    5567
   0    43 17   26017     935
   0    42 18    1153    4399
   0    31 23   25813    3964
   0    35 20    5322    4166
   0    36 15     721     788
   0    32 15    2455    1430
   0    39 14    3716    1055
   0    35 39   12358    3801
   0    31 19  103746    4203
   0    29 14    1421    1152
   0    34 28    9829    3171
   0    37 34    7699    1752
   0    36 25    1699    5085
   0    27 12    2982    1160
   0    35 29   15453    3506
   0    43 33   13333    5004
   0    42 25    4452    1628
   0    33 31  110947   11394
   0    31 22    1019     759
   0    35 14     848    3032
   0    33 20   39260   20498
   0    34 25   45366    1001
   0    46 36    6462    3117
   0    31 10     283    1222
   0    32 16  103348     705
   0    37  9   46117   12695
   0    40 15  102872    1851
   0    38 19   16321    3104
   0    36 39   37499    3833
   0    36 36   15735    6783
   0    43 20    3131    8178
   0    32 19    6417    5581
   0    37 27    2590    1726
   0    30 22   31727    1732
   0    39 12    3491    3587
   0    33 29   40840   20182
   0    36 37   38729    2914
   0    36 25   26064   16075
   0    33 16     592     931
   0    37 37   26962    8672
   0    40 14    1015    1548
   0    31 30   16186    2716
   0    37 35   11882    4964
   0    36 39    6325    7818
   0    33 25    4649    8697
   0    29 17    1065    2892
   0    32 28   13545    4034
   0    30 30   18827    3825
   0    35 12     460     519
   0    32 16    1601    9151
   0    32 10     377    1701
   0    42 26   59228    9133
   0    32  6    1084     389
   0    41 18    2651    1759
   0    34 30   22688    3497
   0    39 32   45928    2650
   0    32  6     556    1029
   0    30 21     829    1696
   0    35 18    2057   14480
   0    35 19    4394    2924
   0    31 16     791     535
   0    43 17    7403    1530
   0    29  9     257     258
   0    37 29   13299    2866
   0    36 13   45083    1352
   0    42 14   28702    1567
   0    37 13     862    4028
   0    33 21    3041    1758
   0    31 40    8674    5160
   0    31 35   27390    8009
   0    51  6    2752    1164
   0    35 31    3530    3261
   0    36 25    2096    2374
   0    39 12     944     550
   0    33 37   28985    2558
   0    33 10    4368    2277
   0    35 35   17340    8393
   0    35 22    7584    1013
   0    36  7   34551     174
   0    49 23   21001     770
   0    33 39   14621   17462
   0    34 34    2898    7579
   0    33 37   50244    5077
   0    33 29   10706  149310
   0    36 18   17488    4207
   0    38 17   17908    7160
   0    32 13    1111     675
   0    35 11    1121    6231
   0    35 23   17284    2021
   0    36 38   66334    3118
   0    38 32    6509    4012
   0    38 36   17493   25293
   0    39 31   27574    2309
   0    32 20    8509    5127
   0    37 14     524    2242
   0    30 20   11684    3635
   0    35 37   13480   29891
   0    38 29   70617   14068
   0    50 38   56818   31366
   0    38 22   17366    3885
   0    39 37    3689   10221
   0    35 36   12763   18248
   0    34 25    3219    1632
   0    35 34    6067   13251
   0    42 18     492    3482
   0    34 10     260     594
   0    40 26    2000    2550
   0    40 25   25303    3094
   0    34 10   34178     601
   0    29 35    9083    5519
   0    30  8     439    2077
   0    29 16    2214    1589
   0    30 31    2379    2953
   0    33 23   22725    1907
   0    38 31   15101    4305
   0    28 33   36466   21821
   0    33  7     162     317
   0    37 13    1729    1324
   0    37 25   27621   23052
   0    37 21    7590     884
   0    30 38    5038    8847
   0    33 35   87904    9069
   0    35 14    9925    2857
   0    35 22    2212    2197
   0    34 23   39326    1465
   0    37 17     940    1324
   0    36 16    1825    2169
   0    31 27    9051    3453
   0    46 10   40644     701
   0    48 37   11115    6630
   0    50 29   31903   20356
   0    40 30   10594   29130
   0    33 26   31573    4073
   0    38 29    5030    4459
   0    43 38   30429   65381
   0    29 26    5237    8683
   0    38 36   12885   12145
   0    39 36   25767   14284
   0    40 11     422    1071
   0    45 11     272     367
   0    37 28   12863    2672
   0    38 23    2542   17367
   0    36 13    2378     641
   0    36 19   16276     886
   0    32  7     235    5499
   0    33 15    1530    4143
   0    37 14    6842    3484
   0    31 43   59687   19731
   0    44 21 9999999    4137
   0    33 28    9723    9167
   0    33 16     462    1161
   0    29 34   81640    4698
   0    36 15    2030    2211
   0    38 25    4149    8650
   0    38 21    3928    5727
   0    31 33    5181    2490
   0    30 19    1082    8884
   0    45 47   30522   31770
   0    38 22    9451    2109
   0    34 10    2647    1821
   0    31 36    4772    7234
   0    28 26   27337    2010
   0    30 17   23457    1939
   0    48 13   37445    1896
   0    38 11     291    3646
   0    39 13    1683    4255
   0    35 11     301     333
   0    34 38   67460   20448
   0    35 33    8913    2019
   0    39 21   76295    7444
   0    36 30    2348    1276
   0    31  8    1190    2864
   0    29 20    6217    8541
   0    35 18  111702    4478
   0    32 11    9579    4039
   0    32 32   20452    2580
   0    36 20    2876    6019
   0    44 31   48769    9390
   0    31 22    9696   13393
   0    39 22     882    2929
   0    41 19     463    2256
   0    32 32    7619    3933
   0    39 28  154354    2198
   0    51 19    4470    2509
   0    37 17    2075    1691
   0    40 16    7623    5660
   0    35  9     517    1925
   0    42 12    1253    1576
   0    34 24   12646    1851
   0    32 14     756     856
   0    35 32   13199    5123
   0    40 20    4810    6059
   0    34 22    3675   18520
   0    38  7    6225     690
   0    35 15     657    1480
   0    35  8     293     886
   0    36 20    7966    1226
   0    36 12     335     353
   0    40 22  283745   66602
   0    53  7   15995     375
   0    34 38  109950  124047
   0    38 16   25018    1624
   0    33 10     277     464
   0    36 27    8872    3407
   0    35 28   25104    5408
   0    43 11     685    3502
   0    34 27    4108    3701
   0    28 33    7793   10091
   0    28 18     842    2995
   0    30 13   20915     880
   0    41 26    2880   15782
   0    32 25    4570    4465
   0    47 36   16308   10069
   0    41 19    6985    2355
   0    38 38    5149    6327
   0    43 15   16084     971
   0    36 37    7466   13718
   0    37 28    7572   24585
   0    33 26   15975    4375
   0    39 31   56631   11002
   0    35 29   78780   17847
   0    31  8     284     651
   0    36 20   25509    3409
   0    35 27    3690    5510
   0    33 11     662     359
   0    44 24   23885    2749
   0    32 18   32281     934
   0    34  8  175204     272
   0    31  9   31485    7910
   0    30 39   17269    5294
   0    33 24    4645   13868
   0    37 33   12749    7335
   0    33 33   10156    8597
   0    34 42  435742    4779
   0    48 21    9035   33080
   0    33 36    4742    9606
   0    31 31    4357    6117
   0    31 16    1123     452
   0    33 21     584    1208
   0    41 24   10431    4761
   0    36 35   84778    6127
   0    32 26   13030    9568
   0    44 32    4895    1558
   0    39 30   27742   14098
   0    29 36    5343    4802
   0    36 12   19882    2547
   0    34 39   16526    6859
   0    38  7    1485     281
   0    30 21    7258    1653
   0    32 29    5197    4802
   0    35 29    3521   12757
   0    33 21    8918    2649
   0    52 36   32982    7241
   0    31 28   12702    7921
   0    35 30   57217   43428
   0    37 16    3692    2910
   0    35 37   16973   14756
   0    36 24    7157    7929
   0    33 19   10101    1248
   0    34 17    2249   14682
   0    38 13     452    7435
   0    41 21   28397    5530
   0    35 15    6366     848
   0    38 35   47205    6754
   0    49  7     168    1100
   0    43 46   98130   11012
   0    37 21    1740    2568
   0    40 18    1427    2089
   0    40 35   14873    9953
   0    40 11   32685     331
   0    39 17    9110    2840
   0    36 25   38099    1497
   0    37 36    6371    3061
   0    35 40    4565    5717
   0    42 36   22934    3890
   0    38 16   58978    2371
   0    38 20    1238     668
   0    33 17   84641    3269
   0    37 13    3274     483
   0    39 21    4203    9995
   0    29 39   26075    3017
   0    36  6     180     883
   0    33 38   10413   19482
   0    53 31    1504   26463
   0    33 15     491   30878
   0    44 14    4390     939
   0    34 19    2830    5927
   0    41 16   30860    3697
   0    37 19   13519    1316
   0    27 16    1483     656
   0    29  7   18628     748
   0    33 17   11106    3028
   0    37 39    4994    4542
   0    40  9     285     507
   0    38 14    1830    2371
   0    29 27   22785    1489
   0    42 21    4457    1716
   0    34 25   17819    9683
   0    37 14     370    3402
   0    32 23   39477    4685
   0    44 38   20021    7554
   0    31 17    6351    1172
   0    40 31    1332    1833
   0    49 10    2757    5709
   0    34 39  547757   12273
   0    30 17    1259     696
   0    29 10     373     415
   0    39 10     241     935
   0    37 17   13450    2702
   0    35 14   23432    1839
   0    40 25    3994    2638
   0    40 32   12024    2309
   0    38 33    8809    5900
   0    41 31    8067    5385
   0    42 20    4087    1674
   0    36 25    6726    6288
   0    40  7    1793    1406
   0    34 19    7841    2240
   0    43  6     578    1845
   0    33 36    5849    3930
   0    36 30    3128    7425
   0    27 24    4913    1781
   0    37 21   77814   13399
   0    38 31    8977    2219
   0    29 30   25583    5520
   0    42 25   73208    7964
   0    35 34    1483   57738
   0    32 35   19842    5544
   0    44 16   15347    1476
   0    37 19    1732    7998
   0    33 31   85481    5562
   0    33 25   14690   11649
   0    37 19    1324     749
   0    31 14    5128    2598
   0    34 38   26618    8650
   0    38  8     231    1181
   0    38 20    4929     785
   0    35 37   18939   10566
   0    36 40    7487   11974
   0    43 39   22122    1670
   0    31 26   19450    6380
   0    41 23   24185    1247
   0    42 19    1598     802
   0    34 18  117111    4553
   0    34 39   46583   20586
   0    31 23   23464    2298
   0    36 19     702    1421
   0    30 26    4009    2529
   0    37 15    2601    1227
   0    42 11    1449     524
   0    33 13   28473    3445
   0    31 37   23732   20054
   0    35 35    4404   11519
   0    33 14    5072     455
   0    34 31   14008    5394
   0    40 21    2666    2060
   0    34 22    7816    2148
   0    41 15     905    1129
   0    37 13    1028    1083
   0    32 22    3407    1834
   0    44  7     568     750
   0    35 20     736    2226
   0    35 20    2623    4461
   0    42 24    1517    2573
   0    44 23     882    2240
   0    44 23   14235    3400
   0    36 24    2946    1964
   0    34 20   48270   16270
   0    39 29    4729    3760
   0    36 43   39331   18737
   0    36 20   18723    2696
   0    31 17   20717   11270
   0    40 24    7484    5583
   0    37 34    3455    2012
   0    33 28    3414    2753
   0    34 28   13266    2504
   0    36 19   29256    1603
   0    35 26   27608    1965
   0    38 20     994    1785
   0    39 27    6464    3302
   0    37 33   31196  131651
   0    49 31   73125    1282
   0    41 11    2058    1115
   0    37 34    5920    6535
   0    42 23   42922    2526
   0    38  9    2180    1748
   0    36 36    1326    3800
   0    40 32    3438    5623
   0    33 41  112805   16653
   0    38 29   13227    5209
   0    38 33   10098    6045
   0    32 11     342     469
   0    34 19   19696   10148
   0    35 24    1403    2034
   0    34 27   26344    5503
   0    33 17  112839    5313
   0    35 35    4877    6585
   0    37 42   22009   80738
   0    40 39    5612    3501
   0    33 35   11539   14498
   0    38 24   16428    4151
   0    39 27    1634    6444
   0    47 16     435     901
   0    41 15    2115    2744
   0    41  8    2736    6970
   0    35 35    4593    5517
   0    37 28    5989    3177
   0    40 37   60899    3057
   0    28 16   31502     928
   0    38 34    4480    4668
   0    35 35   31870   27071
   0    38 14    2184    3072
   0    39 34    6807    7319
   0    35 21    2635    2372
   0    39 20    1350    3197
   0    31 20  120334   20832
   0    29 28    4595    6409
   0    40 18    5980   10526
   0    33 29   17809  152153
   0    32 23    3545    9037
   0    37 23    3915    1177
   0    32 23    2697     897
   0    33 19    7302    4465
   0    31 32  160335   25074
   0    38 31   22575    1967
   0    31 15    1951    1357
   0    37 24   15137    2314
   0    35 28    1317    2753
   0    35 32    7777    7454
   0    29 33    2732    9867
   0    35 13    2211    4534
   0    36 36  115579   14181
   0    34 30   20524    8072
   0    33 14   38380    2611
   0    38 34   21341    3151
   0    44 37   43983   13927
   0    38 13   44842    1833
   0    40 26   70428    7211
   0    31 21    1769    1477
   0    35 21   15117   43329
   0    32 17    1075    2785
   0    28 31    2933   12198
   0    39  8    9102    3767
   0    41 21    7836    1003
   0    30 25  260726   11164
   0    36 36   21891   16366
   0    34 24   11449    6316
   0    25 14     376     707
   0    33 31   19183   14180
   0    37 27   42897    6572
   0    48 39  164765    5537
   0    37 41   85638   31215
   0    30 19    6726    2327
   0    39 24    4907    1279
   0    34 12    1496     932
   0    36  9     587     195
   0    30 11     387    1034
   0    34 34    4048    5535
   0    46 33   76630    7760
   0    35 16    1284    2512
   0    40 27  319832   11793
   0    35 16     612    2879
   0    39 15     801    2080
   0    35 30    5104    3302
   0    32 29   41451    6301
   0    34 19    2301    1087
   0    29 13   22127     906
   0    37 23   47344    2214
   0    33 22    5435    7001
   0    37 28   14291    2188
   0    36 21   33276   14914
   0    33 31   13467   24810
   0    37 27   37782    7342
   0    34 30    9849   32416
   0    32 35   84181    5836
   0    40 21   26317    4868
   0    38 20    1522    3483
   0    45 28    1369    2596
   0    36 23    3724     987
   0    32 35   14690   11259
   0    43 16   12409    4837
   0    39 23     998    1802
   0    43 32   11105   23843
   0    35 25    5641    1598
   0    43 31   16913    4829
   0    34 30   16875   13660
   0    34 27    5423   12983
   0    29 10    2296     724
   0    44  9     198     655
   0    42 18     615    1611
   0    34  8     213     460
   0    45 10    3368     527
   0    37 36   14855   11049
   0    41  9   13656     697
   0    42  8    1142     542
   0    41 24    1500    1736
   0    30 16    1225    1805
   0    31 20    3110    1837
   0    34 24   12340    4568
   0    38 21   11632   19205
   0    38 41   33252   97660
   0    34 28    3656   10982
   0    34 24    6786    1822
   0    39 24   15651   12187
   0    40 29    9581    2322
   0    38 18    6608    1588
   0    36 40   38823    5912
   0    40 37    4170    8933
   0    31 10    2031    1774
   0    38 12     443     643
   0    34 38    6618   22608
   0    27 16   64875    4320
   0    36 22   22777   14243
   0    37 30   11079    8095
   0    33 14    1003    5118
   0    46 31    1074    4055
   0    30 33    8551   24601
   0    37 26   15330    1268
   0    34 21   10316   14431
   0    41 19     557   16015
   0    31 38   53003   52935
   0    35 22  206652   18437
   0    35 33   13874    9025
   0    39 39   34711   63738
   0    52 14   19243    1114
   0    37 28    8939   32546
   0    34 31   15854    6129
   0    43 35   45468    7492
   0    37 23   12396    9783
   0    40 35    9273    3815
   0    37 14    2577    2928
   0    34 32   37355    3268
   0    32 29    2589    3354
   0    38 24    5483    3797
   0    31 27   24131   17830
   0    33 34   21145    1617
   0    38 16   55059    3741
   0    34 30   12152    6188
   0    32 32   30680    3863
   0    38 29    4992    9258
   0    49 31   47421    9767
   0    32 37   50401   17424
   0    32 34    6315    6657
   0    40 32   27967    4729
   0    35 25   17395    3123
   0    38  8    2147     309
   0    42 10     864    2112
   0    37  9     859     836
   0    31 19   27152    1588
   0    36  9     557    1759
   0    38 26    9940    4602
   0    33 34    8873    3928
   0    35  9    1920    2739
   0    35 21   12288     638
   0    30 13   11930    2264
   0    35 12    1565    3632
   0    36 24   44795    2813
   0    38 13    2508    1034
   0    40 21   43485    3565
   0    38 34   22187   16322
   0    36 30   24023    2774
   0    37 21    3374   12638
   0    38 15    2031    1484
   0    39 27   89390    8020
   0    36 26   18166    3578
   0    34 17     634    7423
   0    37 24   13811    3276
   0    34 10   21568    1340
   0    27 18    1097    1462
   0    37 11    1987    5927
   0    42 30    7625    3291
   0    31 27    6479   23128
   0    39 19    2742    3158
   0    31 42   67211   33236
   0    38 34   14803    7742
   0    31 12    1168     328
   0    38  9     744     330
   0    35 32    6188    9533
   0    30 39    4121    8494
   0    30 32   10396   98620
   0    35 36   60205  191829
   0    42 40   25322   30094
   0    35 37    4426   43459
   0    46 13     532   31816
   0    33 21   19179     726
   0    30 31   11770    8111
   0    43 35    1315    6118
   0    30 13     317    1559
   0    35 34   29306    2201
   0    34 30    4029   10191
   0    34 16    4404    1208
   0    40 27   77907    2961
   0    40 26   12517    2289
   0    39 24   12803    4716
   0    37 16    8799    2292
   0    35 34   10615   15600
   0    41 18     752     887
   0    34  6     845    2858
   0    35 24    2078    5394
   0    30 25    2192    6536
   0    34 14     900    1376
   0    35 25   36082   16832
   0    32  9   12874     273
   0    31 29    7987   54635
   0    37 20    2002    5949
   0    37 16    5253    4008
   0    44 28    7940    2951
   0    30 20   82880    6925
   0    36 19   55859    7643
   0    45 26    9173    1936
   0    35 11    1490     729
   0    38 36   14002    4172
   0    34 17     865    1201
   0    36 36    5578    8812
   0    36 15   13619    1767
   0    35 23   15534    2011
   0    37 25    9400    2765
   0    41 42   88841  168448
   0    34 27    1993    6904
   0    40 32    9282    5808
   0    43 33   15399  123476
   0    38 11   55491     560
   0    40 28   33899    2827
   0    36 18   15167    6668
   0    35 39    9013   27326
   0    34 23   22935    8493
   0    42 29    5445    4478
   0    32 27   18364    2791
   0    47 19   11374   19318
   0    34 21    7845     588
   0    39 19   14650    1164
   0    41 35    8574    3778
   0    35 25   12162    3339
   0    37 37   13705    8589
   0    35 36  119330    2625
   0    33 37   19059   18982
   0    29 16     752     925
   0    35 14     648    2538
   0    35 25  255391    4274
   0    32 17     893    1265
   0    37 29   10890    9024
   0    35 24  308625    2417
   0    32 36    7470    3716
   0    32 10     435    1534
   0    38 27    7683   14474
   0    32 12    3107     697
   0    31 25   20333   12862
   0    37 27    4064    1373
   0    33 29    2358    9637
   0    41 28    4958   11395
   0    32 33    1552   52696
   0    34 26   25311    3643
   0    30 38   64455   15456
   0    40 29   44032    7379
   0    40 18    9345     548
   0    37 38   26402    7544
   0    43 15   34592    1689
   0    39 28    2233    5032
   0    39 20   35541    2320
   0    44 15   16317     848
   0    40 37   15011    4135
   0    34 34   22169    6973
   0    36 29   10813   14879
   0    45 28    9991    4703
   0    37 38    9560    4136
   0    41 38   23620   24931
   0    32 21   20744    2908
   0    32 18   14728    3298
   0    35 29    8531   30607
   0    38  8    7523     261
   0    58 26    6433    7346
   0    36 12    2086     753
   0    31 11   21201     276
   0    35 35  104827   16213
   0    38 29   13234    2143
   0    45 30    2489    2523
   0    36 30   13194    4075
   0    37 11   44977    1369
   0    35 14     638   14930
   0    34 14    7676    1379
   0    40 14     348     497
   0    42 28   40286   15533
   0    37 36   39902    3057
   0    38 37   13853    7587
   0    37 16     634    2098
   0    34 29    5379   11905
   0    36 37   26866  113397
   0    32 35   12616    6735
   0    35 25   46091    4125
   0    34 30    1224    7161
   0    37 21   60214    7304
   0    32 22    1628    3902
   0    42 28    3526    4312
   0    39  9     344   17028
   0    35 30    7262   18229
   0    32 36    5670    7220
   0    36  8    4821     264
   0    38 12    4211     965
   0    34 24    2113    2446
   0    37 17    3723    1459
   0    33 31    3452    1377
   0    32 20   57476    1036
   0    37 29    6381    3911
   0    39 24    6958    4647
   0    34  7     385     299
   0    36 10     356     675
   0    35 35    8294    3466
   0    33 47    1970   20057
   0    33 27    2840    7008
   0    40 25    3864    1292
   0    45 17    5058    1102
   0    32 30    6896    8010
   0    36 26   14182    3928
   0    46 37   28581   12639
   0    35 26   43050    4101
   0    36 34    7055    3163
   0    36 40   11370   16057
   0    38 15   19838    8919
   0    37 25   16343   49012
   0    40 33   12560    7615
   0    32 22    5975    2577
   0    37 22   14428    2117
   0    38 21   17837     850
   0    40 31    1531    3605
   0    36 22   42755    7451
   0    35 20     672    6212
   0    38 16    9194    2836
   0    42 23    9513    3980
   0    34  8     250    1867
   0    38 37   21848   11061
   0    41 26   53866    6165
   0    28  8     325     569
   0    36 41   14639   19017
   0    47 22   16787    2387
   0    36 28   70585    5630
   0    38  7    1386     183
   0    30 30   38748    3149
   0    30 32   36361  317199
   0    38 39   40315   22112
   0    46 21     682    2043
   0    33 16    9877    2852
   0    30 13     293     671
   0    32 20    4151    1914
   0    28 11   17288     655
   0    32 20    2474    4699
   0    33 14    3053     474
   0    30 15    4823    3353
   0    30 32    6986    5509
   0    40 20    3387    9547
   0    35 25   10222    1400
   0    33 14     412    1256
   0    32 22   12857    5461
   0    36 22    1961    2622
   0    39 26   12161    3480
   0    41 38    2442    5323
   0    39 19   10702    3938
   0    35 24   46788    2636
   0    31 11   42963    2818
   0    37 21     703    2957
   0    35  9    3286    2240
   0    32 36    4340   12998
   0    34 33   18481    7828
   0    40 26   11106   25181
   0    36 37   39269    8661
   0    37 34   15375   12575
   0    38 28    5123   15408
   0    42 29   17435    7270
   0    30 37    6886    6186
   0    34 17    8666    6310
   0    28 19     640    2373
   0    34 33    9424   10170
   0    40 10     469     737
   0    31 24    3199    4799
   0    36 10   91260     625
   0    38 18   15765    2044
   0    40 22    2426     743
   0    33 24   57656    6873
   0    43 10     242    1021
   0    39 22   26639    1681
   0    39 16   15434    4257
   0    38 27   39247    1448
   0    36 16   50928    1161
   0    36 16   10710    1699
   0    37  9     249     528
   0    37 19   11823    1685
   0    35 23   14540     989
   0    35 21  165837    5385
   0    32 24   76511    2498
   0    35 18   13829    1483
   0    39 16    3622    7232
   0    40 35   21606   20717
   0    32 21    2433    7477
   0    30 25   11045    1265
   0    38 32    1023   15561
   0    34  7     188    2058
   0    40 28   35674    2163
   0    52  8     184    2567
   0    31 25    1477    2046
   0    33 28  101478   13505
   0    31 20   10824    1243
   0    37 30    2418    3642
   0    42 29    8793    8554
   0    28 37    3582    7292
   0    45 26    1723    2127
   0    36 11     549     942
   0    39 41   16454   24329
   0    32 22    3857    5687
   0    34 33   63142    4067
   0    32 16    3662    2928
   0    37 32    3372    4085
   0    46 13     338    1318
   0    38 35    6886   49488
   0    33 25    4788    3962
   0    43 29   37282    9385
   0    39 15   19158    1747
   0    38 25    5051    2486
   0    35 21    8100    2621
   0    31 28    1210   26372
   0    29 32   27007   19133
   0    32 15    4889    1444
   0    39 22   15576    3522
   0    36 33    5008    1831
   0    38 24    3258    4373
   0    37 24   13706    1034
   0    39 30   90852    2848
   0    32 11     446     377
   0    34 30   10732    5222
   0    37 30    8350    4082
   0    37 15    1973     614
   0    35 40    7693   99481
   0    38 20   28910    2346
   0    32 19   30457    1872
   0    36 24    2765    2235
   0    34 30    1168   12544
   0    35 21    1138    2392
   0    32  9    3000    1484
   0    35 41   56328   67755
   0    37 30    8752   15435
   0    38 15   14448    1048
   0    39 24   45198    4065
   0    31 16    7299    3240
   0    27 19    3821    1599
   0    45 18   22573    1575
   0    41 25   10933    1470
   0    34 26    1713    4071
   0    34 35    4491   11468
   0    36 21    3017    1724
   0    30 21    8383    3619
   0    41 10   89293    1340
   0    31  6    2792     175
   0    37 22    3326    1006
   0    30 35    3250    8693
   0    39 15     934    1262
   0    35 33   28008    3354
   0    37  8     246     756
   0    36 14     444     461
   0    33 31    2099    4436
   0    31 10     359     780
   0    32 19    5422    4701
   0    36 39    9651   46751
   0    33 31   87404    3192
   0    32 28    8749    1535
   0    53 36  111463   20809
   0    37 21    8799    3437
   0    39 19    4516    4991
   0    43 18     521     923
   0    33 28    5124    7279
   0    36 27    6175    1569
   0    37 11    1800     687
   0    32 18   33906    1616
   0    36 22  106101   15420
   0    35  8     387    1745
   0    36 19    7218    1673
   0    45 44   81845   51122
   0    35 32    5698   12803
   0    35 28    2604    6849
   0    31 26    2796    3219
   0    47 25  323893    5394
   0    32  7     172     986
   0    36 29   25325    3190
   0    37 27    3768    3565
   0    38 18    2337    3171
   0    33 24    5143    6206
   0    35 41   15358    9086
   0    33 19    8192    8259
   0    33 18   40650    1854
   0    35 13    7662    5630
   0    35 30   25141    8487
   0    34  7     307    1456
   0    36 19    9159    1508
   0    38 36   49814   11087
   0    35 23   12940     900
   0    35 24   28983    8536
   0    34 27    1627   78436
   0    30 21    9547    5233
   0    51 31   18233    6565
   0    36 17    7432     986
   0    37 26   15700    6404
   0    48 21     913    4028
   0    34 33    4588    5041
   0    38 32   20301    5150
   0    32 28   44362    3676
   0    37 28   19479    1599
   0    35 19    2719    2342
   0    33  6     120    3937
   0    31 17    4367    6026
   0    36 22    4539    4400
   0    33 15    1150     594
   0    31 30    1815    6303
   0    36 13    5187    1337
   0    43 26    7097   25035
   0    58 24   15856    3678
   0    36  6   15329     538
   0    39 33   93186    4876
   0    44 38    2068   22346
   0    34 20   30523    3152
   0    36 10     276    1161
   0    42  6     142     169
   0    35 42    7184  153377
   0    44 12     965     355
   0    38  9    1362     967
   0    45 22   40973    4098
   0    35 35    6903   12732
   0    42 17   16646    1885
   0    37 24    3998   12617
   0    32 23     786    2252
   0    34 26   30258    2575
   0    41 15     485    1177
   0    35 25    3830    5545
   0    42 12   32798   10654
   0    44 41   32701   20810
   0    34 22   35705   11081
   0    40 18    5270    2571
   0    43 24    4534    2327
   0    37  6   15253     642
   0    50 24    8825    1598
   0    36  9     360    1463
   0    37 23   26862    2840
   0    34 23   16666   19498
   0    33 26    1246    3257
   0    40 34    7213    4335
   0    32 33    7385    7599
   0    37 21    4055    1755
   0    38 13    1503    1844
   0    32 10    1490    3046
   0    32 27    3884    5530
   0    38 15     521    1313
   0    31 16    4406    2991
   0    37 24   10817    2336
   0    33 28    1994    7886
   0    32 10     324    2778
   0    36 19   45419    2015
   0    41 30    3710   15417
   0    33 24    1055    1747
   0    36 34    3960    9759
   0    35 42   16281   24242
   0    34  8    9039     819
   0    36 32   49734    5120
   0    36  9    2210     217
   0    39 18    1632    1654
   0    33 31    2521   14487
   0    38 19   12570    1825
   0    32 29   18902    2725
   0    39 34    2023    1666
   0    37 15   18128    1555
   0    37 37    8580    5399
   0    37 36    9388    3473
   0    33 32    4984    1940
   0    38 30    5012    3763
   0    39 26   54090    4308
   0    36  9     412    1066
   0    36 21   35564    1324
   0    29 36   12917   18191
   0    41 22   14704   12443
   0    35 32   49218    4663
   0    34 14    1284    2799
   0    30 17   27576    1841
   0    28 22    4785    2988
   0    33 15   54959    2253
   0    42 14     343     383
   0    30 26   39293    5845
   0    36 19   16160    2583
   0    31 37    5921    5452
   0    37 20   23216    1180
   0    36 33    5386    8822
   0    40  6     144    1423
   0    30 20   21062    6556
   0    44 28   53852   11692
   0    38 28   37077    9986
   0    37 18    1787    1899
   0    39 34   18806    5018
   0    44 10    3763    2920
   0    29 16   10961    2028
   0    30 27   89793    2462
   0    34 36    5905    7204
   0    33 30    3453    3535
   0    41 28   21985    9918
   0    44 28   11762   12086
   0    37 37   13870    5314
   0    39 33    1255   10160
   0    30 35    3349    6704
   0    37 20   26319    9674
   0    39 23    8214    2214
   0    39  7    1580     886
   0    35 33   19050    6724
   0    38 19    3727    3797
   0    39 33   73514   26766
   0    39 30    1652    1451
   0    34 24   32891    7804
   0    33 19    2377    1797
   0    37 30   15891   16071
   0    39 18     995    1098
   0    35 19    6654    1671
   0    39 20   44153    2314
   0    31 35   74264   12772
   0    41 24     991    8850
   0    38 36    4010   15836
   0    36 27   18038    5386
   0    37 19     726    2102
   0    31 26   10338    9295
   0    36  9     215     265
   0    39 31   12869    2863
   0    30 34  157018    6393
   0    32  9     968     640
   0    38 13     422     403
   0    35 24    5938   18204
   0    47 31    6550   10108
   0    40 12   36770    5382
   0    35 31   36580    6134
   0    37 28   12849   18476
   0    33 18   35770   39694
   0    39 25    3901    5311
   0    36 23    4999    1825
   0    39 19   26747    5265
   0    38 30    9182    9981
   0    35 29   15559    8851
   0    37  8    2116   16516
   0    40 16   39247    8777
   0    38  8     235     409
   0    40 37  134848    3150
   0    38 25    3948    7185
   0    31 10     724    5266
   0    38 23    5733    9555
   0    34 36   15437    9988
   0    38 20  295464     825
   0    31 25    1752    3752
   0    47 37   69827    3159
   0    40 13     871    4107
   0    40 19    3997    1666
   0    45 15   10044    9773
   0    38 16   22629    1454
   0    36 13   34571    3072
   0    42 18    1407     870
   0    34 13     733   17205
   0    31 30   53740   36949
   0    28 33    6840    4988
   0    33 26    4200   13343
   0    38 33   21615    2602
   0    39 13   26099    1492
   0    37 30    2572    5440
   0    42 31    2019    3714
   0    36 32    7546    4624
   0    38 11     413    2313
   0    33 31   17049    2335
   0    31 17   41175    1551
   0    30 36   26825    7378
   0    33 33   19253   14400
   0    31 28    1622    2519
   0    31 22   74394    3778
   0    37 30   17562    8437
   0    38 16    4895    1191
   0    29 32   27072    4220
   0    28 35    5660   27063
   0    40 33  137559    7457
   0    36 17    6238    2727
   0    42 44  366435   13177
   0    31 14     561    1432
   0    39 26   21393    2803
   0    33 21   29444    8153
   0    42 24   19182    1426
   0    38 23   64454    4854
   0    42 27   25929    7605
   0    33 16     396    1593
   0    36 31   15712    3031
   0    34 28    2156   32069
   0    37 31    8030    3564
   0    33 23   30357   11044
   0    36 25   20612    7432
   0    30 20    8518    3733
   0    36 30    5042    2670
   0    36  7     766    1084
   0    39 11     659     826
   0    33 26   16334    2878
   0    34 25    5908   22113
   0    35 26    2249    4448
   0    42 35  108184   37835
   0    37 16   12910     674
   0    36 22   38589    2240
   0    35  9     197     700
   0    41 35    2613    3726
   0    39  8     235    5153
   0    37 26   63702    3199
   0    29 13     512    1476
   0    34 22    6588    5393
   0    35 28   18739    3538
   0    37 34   24928    5297
   0    37 13   15415     900
   0    35 15   45404    5343
   0    38 37   21594   16184
   0    40 33    8630    3483
   0    38 23   60456   29809
   0    32 34    4575    3643
   0    37 35   31614  114466
   0    43  9    2420    1143
   0    37 13    1234    5579
   0    36 30   21449    4331
   0    35 15    7715     970
   0    35 14    7532   13043
   0    39 23   10236    1832
   0    32 34    9451    2864
   0    37  9   48671    1007
   0    38 24   17617    4019
   0    35 10     383     888
   0    35 16   15511    1334
   0    31 40    4349    2786
   0    36 31   39151    2793
   0    46 17   29007    2815
   0    34 23   15730    1570
   0    32 23   13083    6259
   0    31 10    1169    7034
   0    40 24    8975   13009
   0    34 41  102104    8526
   0    33 22    2452    3058
   0    34  9     297     470
   0    39 34   21431    2839
   0    44 31    9905    1878
   0    32 32   28223   44330
   0    34 16   14196     540
   0    40 29   21322   15830
   0    30 35   31844    6781
   0    31  8    1816     259
   0    32 25   43611    2253
   0    37 24    1925     854
   0    43 31    4423    5042
   0    33 29    2946    2296
   0    34 22    3248    2571
   0    39 28    1790    3146
   0    36 22    3687   14611
   0    38 12     849    1833
   0    36 21    5328     983
   0    47 35    6369    9414
   0    41 13   25464    2526
   0    38 32   19476   10699
   0    36 27   10012    7528
   0    38 24  102131    3234
   0    41 31  144205   83684
   0    37 22    2450    5176
   0    39 11    3546    2347
   0    41 19    1830    5689
   0    35 36  204812   29957
   0    33 26    2757    7678
   0    30 27   15118    2202
   0    30 16    2161    1758
   0    39 40   61997   10858
   0    33 20   32033    1111
   0    37 14    8749     891
   0    38 20   13379    1356
   0    36  7    1061    6562
   0    36 17    3700    1331
   0    35 33   61121    7459
   0    41 21    1613     848
   0    33 39    2493   19032
   0    39 19    1700    5570
   0    36 14     349    1484
   0    48 15   12783    1851
   0    32 24    2422    3842
   0    33  6     170    2468
   0    35 24    4301    1026
   0    36 17    2507   21022
   0    39 22   18905    4483
   0    33 37   26488    7609
   0    40 34   10822   11395
   0    38 27  127926    1754
   0    39 17    1478    1498
   0    33  7     188     330
   0    34 27    3157    2334
   0    34 25   43700    3519
   0    32 10     536    5728
   0    42 30  127884    9943
   0    39 25    5661    3191
   0    40 12    9856    5073
   0    33  8     406    3154
   0    35 27    7770   16497
   0    35 28    3040    1304
   0    39 13    3115    1383
   0    41 19   82307    1072
   0    39 34   10016    4261
   0    31 13    2077    1265
   0    35 10   11438    1005
   0    32 13    1460    1255
   0    44 30   11289    4517
   0    32  7    5173    3846
   0    32 38    5138    4483
   0    37 38    5220    1932
   0    33 12     774   13895
   0    30 38    6316    4253
   0    35 23   91794    5148
   0    41 22    1945    5079
   0    42 10    2419    1812
   0    34 35   75577   11114
   0    36 31   11050   10584
   0    40 24   36071    1593
   0    36 22    2346    2252
   0    33 12     556     953
   0    29 23    3638    4191
   0    35 27    4884    2745
   0    34 25   17565    5698
   0    32 30   24988    7709
   0    42 19    1442    2079
   0    40 33    5893    1650
   0    36  7   24070     163
   0    30  6    5246    3015
   0    34 16   34378    4936
   0    39 34    8495    4584
   0    46 31   36240    8406
   0    31 12    1058     952
   0    29 37    8781    5858
   0    29 25   90119    8104
   0    41 18   19565    5238
   0    30 14     961     727
   0    41 21    7842    3635
   0    37  6     145     198
   0    35 17    6195    1651
   0    38 21    7799    1211
   0    31 11     290     477
   0    47  8    4359    2349
   0    33 11     575    5997
   0    39 28   35830    1894
   0    34 32    7162    4935
   0    42 11     295     436
   0    35 15    4652    1721
   0    33 25     989    9793
   0    28 30    7702   11948
   0    35 18    2203    3949
   0    38 18    2611    3893
   0    40 20     952    1446
   0    33 34    3466  124545
   0    34 29    7609    2495
   0    39 13    1156    1071
   0    42 21   12548    2254
   0    42 35   22566    5760
   0    30 30   26842    1805
   0    37 22    5019    4135
   0    34 33   13923   64107
   0    33 27    9134   11311
   0    30 18    2168    2660
   0    39 13   35021     791
   0    29 12    3465     289
   0    32 16    8181    2762
   0    32 21   61239   10504
   0    33 34   22263   20763
   0    36 31    5189    6022
   0    36 35   13032   12988
   0    34 31   12660    7897
   0    35 24   22786    5326
   0    35 25   15716    2913
   0    35 37   12184    5467
   0    42 19    2337    6175
   0    42 29   11795   80853
   0    37 28   12364   12322
   0    30 19     794    2785
   0    43 49  133144   85907
   0    42 40   70704    5282
   0    43 31   24525   15528
   0    31  8     205     249
   0    35 25    4046    1767
   0    38 19     671    2958
   0    32 40    8257    8331
   0    33 34   29484   21345
   0    50 18   20552   13859
   0    31 22   92408    6730
   0    36 22    1544    5304
   0    33 16     530    1741
   0    37 26    2832  112796
   0    32 10    1563    4331
   0    35 23   21280    9459
   0    43 31    8070    1828
   0    37 35   25649   10020
   0    39 31    3007    3547
   0    32 29  386864    4775
   0    35 35    9976    3023
   0    37 40    5275    9882
   0    43 35   32093   13593
   0    43 23   38029    9833
   0    34 17    5288     761
   0    34 21    3529   15657
   0    35 26    1808    3900
   0    36 40   15050    6605
   0    38 17    9296    1552
   0    37  8    1138     307
   0    37 33   11136   16363
   0    33 30   21531    4940
   0    39 11   16089    1055
   0    30 29   19274    1548
   0    38 33    6709    7027
   0    35 29   31509    6717
   0    34 38   21111   15455
   0    40 16   19581    1443
   0    38 37    2999   19564
   0    40 10     537     334
   0    40 30    9714    5271
   0    39 12     416    2325
   0    33 35   47030   19547
   0    36 21   10399   15317
   0    37 22    2413    4926
   0    35 32   28352    4387
   0    32 19    1789    1699
   0    30 34  148448    1990
   0    33 33   20142   15611
   0    29 25    2425    6664
   0    34 29    6530    8687
   0    31 15   10596    1372
   0    40 16   22521    1809
   0    35 10    5061     682
   0    50 16    4973    1985
   0    46 24    1769    2335
   0    37  7   10173     661
   0    36 26   15463    1968
   0    35 15    5188    5484
   0    41 34    5595    5593
   0    40 13   11108    2205
   0    37 15   84390    4025
   0    37 34    3378    5517
   0    32  8     855     373
   0    53 25    2416    3317
   0    40 25    8009    2227
   0    30 22   25561   92735
   0    36 35   16599   12579
   0    33 29   17533    7821
   0    34 16   29855    1442
   0    38 17   22193    1503
   0    37 25    1390    2554
   0    35 38   15761   80037
   0    32  9    6838    1557
   0    34 24    1964    5489
   0    41 25    2359    5816
   0    38  7     215     216
   0    40 24    1318     974
   0    37 18    2567    7424
   0    38 40   48592   27918
   0    33 36   10302   10140
   0    42 16    9022     684
   0    31 11   96791    3097
   0    39 17    2024     559
   0    31 10    2826    1256
   0    36 29  295235    3560
   0    37 16   18331   45492
   0    32 28   46605    4250
   0    34  8    6751     313
   0    31 35    4901    1863
   0    46 14    9984    1358
   0    38 11     508    2631
   0    40 49   60953   40409
   0    36 36   10557    3232
   0    41 22    5206    2885
   0    38 21   30658    3979
   0    29 18     404    4326
   0    37 40    6426   12701
   0    31 11    8456     426
   0    38  9   59086    8240
   0    35 14    7818     444
   0    47 10    1027     665
   0    35 14    2425    5155
   0    41 44   56653    6294
   0    37 25   77717    5242
   0    42  8   36165     334
   0    40 13    4480    9725
   0    36 19    4043    2002
   0    40 26   64911   19358
   0    38 29   12132    4104
   0    37 34   17058   10947
   0    36 36   27654   12777
   0    42 15    6269     495
   0    56 19    5258    1368
   0    35 12    4858    1349
   0    38 38   27480    9548
   0    33 15    1400    1781
   0    41 33    8196    2607
   0    36 25    9822    4193
   0    31 32    1893    9254
   0    36 34   13414   11942
   0    39 14     377   14284
   0    36 29   21222    2094
   0    36 16   11763   12813
   0    35 20    8874    4953
   0    45 29    6400    6762
   0    39 21    1305    4902
   0    38 18   22623     501
   0    36  9   16772    6219
   0    39  6   28085     684
   0    35 38  260601   47252
   0    35 13   45307    1560
   0    37 16    8377    1058
   0    29  8     847    2193
   0    39 28    8375    5290
   0    40 15   17374    7121
   0    32 22   14429    8063
   0    33 19    1819    2609
   0    32 23    1823    3000
   0    37 15   27468    2563
   0    35 10    7047    7851
   0    30 18    4460    2652
   0    34 25    9502    1580
   0    40 11    1105    2588
   0    38 25    3537  125329
   0    35 24    1078    2666
   0    37 24     847    2054
   0    36 29   13785    3551
   0    42 15    1565     574
   0    35 33   12680    5307
   0    33 25    4289    3601
   0    37 12     713     637
   0    34 28   25759   12489
   0    30  7    1724     406
   0    36 36   23142   11580
   0    33 20    5397    1590
   0    41 30   34152    8674
   0    39 19    9035    1941
   0    30  6     208    2807
   0    35 30   47914   14772
   0    33 32    7714   13826
   0    36 27   25897    1678
   0    34  7     833     937
   0    35 18    5506    4420
   0    36 31   10992    2888
   0    35  9     660     763
   0    43  6   13630     541
   0    40  8   15501    1110
   0    35 33    3987    5304
   0    42 32   95414   42629
   0    35 33    4389   30280
   0    37 39   14817    9506
   0    40 31    3661    6977
   0    33 40   67225   16526
   0    33 23     839    2380
   0    35 16    8976    1694
   0    38 33   13756   10372
   0    33 39   12861   13955
   0    40 33    2554    4172
   0    38 14    2427     733
   0    43 32    8313     888
   0    34 32 9999999    8563
   0    33 16     849    2012
   0    37 30    6823   14160
   0    36 29    5152    1640
   0    39 20   11518    1056
   0    31 35   35471   18413
   0    33  6     142    1574
   0    33 38   15154   11729
   0    39 20    1078     998
   0    37 35    4859    5214
   0    42 30   52682    1921
   0    33 22   27624    5946
   0    38 24    4405    5387
   0    32 12   12327     673
   0    38 10    3238     577
   0    33 23    8963    4684
   0    33 41  203244   91261
   0    30 18  106305    1099
   0    31 39   13254    6847
   0    37  7   49051    4371
   0    32 32   13708    6044
   0    40 22    5761   11018
   0    40 30    9036    2441
   0    31 12     714     576
   0    33 16   15329    1157
   0    29 26    1471   10424
   0    38 28  128475    2458
   0    41 29   74685   10507
   0    35 22    9900    5228
   0    35 18    6284     691
   0    32 37   20659    3280
   0    32 26   42871    8128
   0    41 27   11101   35860
   0    42 30    7241    5641
   0    35 19    1808    2603
   0    36 10     571    1456
   0    37 12   12489   37983
   0    32 24   16286    4028
   0    35 23   91541    1210
   0    30 33   21882    7463
   0    37 16    9646    1867
   0    31 16   46191   10801
   0    31 19   10185   53610
   0    35 23    7522    3079
   0    43  9   29647    2596
   0    37 28    3083    1180
   0    46 13   22095   10013
   0    30 22    2960   18532
   0    37 25   12473    2335
   0    32 25    2266   45602
   0    41 11     447     265
   0    32 19    5339    9332
   0    41 37    3172   71293
   0    31 29    5401   16575
   0    35 34  104797    7986
   0    36 32    1472    6285
   0    38 24   13238    2384
   0    37 43    5140    5574
   0    33 11   19266    5576
   0    36 37   26491   44873
   0    28 43    7573   29294
   0    33 22   12153    6036
   0    37 13     964     685
   0    30 29   16599   22646
   0    32 23   11488    1323
   0    34 29   18729   16131
   0    34 25    9209    2984
   0    35 20   17320   10216
   0    32 23   41388    8614
   0    40 15    1236    1970
   0    41 33   83359    5929
   0    34 42   17263   33869
   0    34 36   14189   14954
   0    36 17   15866    7743
   0    33 29   16763    6066
   0    40 11    3711     319
   0    32 17    1903     788
   0    38 26   49844    5032
   0    39  9     347    3524
   0    36 32    3922    5100
   0    40 27   18625    1644
   0    32 28   12997    3151
   0    33 21    6552    7953
   0    32 37   24406    2251
   0    39 12    5473    2509
   0    34 34   14197   20621
   0    42 30    1781    3308
   0    36 35   11134    6888
   0    36 19    3274     733
   0    35 25   32984   21501
   0    37  9   27532     303
   0    34 12    3097    3662
   0    28 25   11162    2244
   0    38 14    1557     768
   0    35 22    7445    6038
   0    30 35   22458    6444
   0    32 15   20897    2762
   0    34 19    1316    8822
   0    31 32    6903    5922
   0    26 39    1848    4611
   0    43 38   11663   12586
   0    30 12    4813    1108
   0    36 25    9258    2726
   0    41 34   16565   11114
   0    33 21    6254    5087
   0    35 35    4450   25873
   0    35 31   14523   10683
   0    47 29    5875    1411
   0    35  9     306     287
   0    36 15    2209    1495
   0    39  7     700     903
   0    31 28  124481   26993
   0    36 18    2109    1348
   0    33 22    9849    3155
   0    36 24   17972    3795
   0    41  7     163    3300
   0    42 29    2821    6628
   0    36 12     420    1633
   0    36 23   73980    3463
   0    35  8     824    2732
   0    36 33    1160    3062
   0    30 14    2732     452
   0    34 15     623    4419
   0    34 10   14227     450
   0    41 18    4759    4243
   0    30 18   30041     806
   0    35 36    4499    2498
   0    30 12    1819    1403
   0    32 28    1524  119936
   0    38 23   39950    2927
   0    34 10     389    3121
   0    39 22    8250    4884
   0    32 11     531    5333
   0    33 16   14456    1864
   0    38 13   12195     782
   0    33 26   35566   45511
   0    37 15    1837     724
   0    41 41    4859   34225
   0    32 19    2149    2738
   0    42 31    4582    3209
   0    44 27    5306    1186
   0    34 17     482     700
   0    37  6     124     943
   0    34 24    2968    4724
   0    40 13    2631     882
   0    37  8    7949     289
   0    38 32    2317   10309
   0    31 31    9237    6313
   0    35 32   15983   27190
   0    34 22    9087    3020
   0    35  8     313     230
   0    34 35  103560    6599
   0    35 34   24167   18820
   0    36 36    8781    8647
   0    30 38   24061    2808
   0    28 32    4066    3363
   0    33 33   70282    2948
   0    33 12     361    2730
   0    36 26   32638    3222
   0    44  9    8100    3166
   0    46 30   18244    3674
   0    31 19    3488    2602
   0    32 10    7718    1476
   0    30 35    4187    7384
   0    33  9     579    1639
   0    34 30   13352    2970
   0    36 30   35239    7791
   0    40 27    3754    1806
   0    29 10   13435    5960
   0    33 31   31809    3692
   0    36 40   25220    2487
   0    33 10     232    2980
   0    34 29    6124    2211
   0    35 28    6445    5211
   0    38 14   49968    1972
   0    37  8     190     387
   0    42 20   54596    3077
   0    33 18    7008    1830
   0    40 12    1590     714
   0    36 28    2372    3051
   0    33 15     584    1169
   0    38 42    3331   11826
   0    38 31    4408   18499
   0    33 40    4515    4862
   0    37 16    1613     895
   0    34 37   11300    4552
   0    40 23    8799    3321
   0    30 22    9352    1320
   0    41 28    2509    7355
   0    29 37   10553   19426
   0    33 34    3255    2866
   0    38 34   28102    8585
   0    34 34   13077   43142
   0    36 19    4303    1223
   0    35 36    2558    6014
   0    33 40   10175   10416
   0    36 30   23272    4305
   0    35 26   13323    5977
   0    33 18    1642    2646
   0    38 24    8364     798
   0    37 20    1393    2308
   0    31 39   12255    3327
   0    41 28    3668    2133
   0    36 25    6176    4534
   0    40  7    8540    7028
   0    36 36    4256    4121
   0    43 26   10433    1648
   0    37 31    3075    4743
   0    51 20     820    1046
   0    33 13    1811    2287
   0    37 12  322504     543
   0    41 20    6367    5939
   0    37 37    2554    6009
   0    40 18     658    1068
   0    33 18     636   14198
   0    35 37    4758    7232
   0    34 12    1061    4828
   0    34 22    2113   17623
   0    32 27    1478    7302
   0    32 15   18505    2255
   0    38 30    1257    1955
   0    39  6     774     279
   0    43 21   28999   21154
   0    36 20    1758    1413
   0    33 35    3728    8612
   0    36  7     151     686
   0    32 16   24189    4562
   0    36 24    1640    1491
   0    33 30   82632    8362
   0    40 13     340     590
   0    31 36   31139    4601
   0    34 46   18494   13059
   0    37 20   44643    2900
   0    30 36   85605    6825
   0    41 28   15741    6357
   0    31 26    9883    1680
   0    34 33    7576    6840
   0    36 21  317570    7803
   0    31 36   32439   10152
   0    34  6     262     255
   0    32 32   14837    4088
   0    34 35   17516    5482
   0    36 14   12274    2060
   0    31 34    1118    3916
   0    37 27    1937    2934
   0    32 39    7625    4879
   0    38 24   96694    2855
   0    33 22    3316    1874
   0    41 12   21738     638
   0    34 36   74923   16163
   0    39 22    2394    2866
   0    39 36    5781    6881
   0    39 22    9575    1369
   0    33 27   43337    4353
   0    34  9    7778   11231
   0    46 28   39309     954
   0    30 36   39239    5103
   0    42 40   25607    7128
   0    32 20   22140    2454
   0    37 30   11869    6758
   0    47 31    3010    6301
   0    33 12     279     744
   0    34 20   10562    1147
   0    40 38    3631   12561
   0    34 19    2457    3285
   0    33 33   15830    7416
   0    39 33    6721    2711
   0    34 31   36270   18456
   0    39 32    3767  181646
   0    33 17   20641    2596
   0    34 39   61765   20194
   0    33 35   19973    5380
   0    42  7     602     828
   0    44 19   90051    9415
   0    33 26    5131    2460
   0    32 30   11948   14574
   0    33 27   18958    1474
   0    30 30    4717    4880
   0    47 17    8979    1548
   0    40 25    3874    6767
   0    31 24     923    1796
   0    37 37    3055    1978
   0    36  9   11359     283
   0    34 39   15443   24544
   0    31 35    6200   35996
   0    30 33   10532   14355
   0    36 18   18959    8144
   0    34 21    2780    1397
   0    36 17    1322    1472
   0    35 11     410    3776
   0    32 13   28172    1392
   0    35  8     198     516
   0    42 18     555    3912
   0    36 22   44908    1574
   0    39 39   39287   13487
   0    35  7    1157     981
   0    34  9    5757    1959