Коновалов Петр Алексеевич 323

5 вариант

Матрица:

  -0.907010000000000  -0.277160000000000   0.445700000000000
  -0.277160000000000   0.633720000000000   0.077740000000000
   0.445700000000000   0.077740000000000  -0.955350000000000

Собственные числа: -0.5029216 0.6820612 -1.4077796 

Максимальное по модулю собсвтенное число: -1.4077796

Отношение собственных чисел: -0.4844943

Собственные векторы:
   0.696590401968373  -0.171821949571357  -0.696591005921724
   0.121495181479560   0.985128020940707  -0.121497749916180
   0.707107299327895   0.000001715770875   0.707106263042739

----------СТЕПЕННОЙ МЕТОД----------

Точность: 0.0010000

Начальное приближение: 
    -6
    -3
     9

Вычисления: 
  2  -1.2783967  -2.2783967   0.1293829   0.2886691   0.1534701  -1.3596795   0.0481001
  3  -1.3568796  -0.0784829   0.0509000   0.1279289   0.0656099  -1.4110076  -0.0032280
  4  -1.3889141  -0.0320345   0.0188655   0.0547215   0.0276934  -1.4081893  -0.0004097
  5  -1.4009483  -0.0120342   0.0068313   0.0237991   0.0119863  -1.4078323  -0.0000527
  6  -1.4053273  -0.0043791   0.0024523   0.0106738   0.0053665  -1.4077861  -0.0000065
  7  -1.4069020  -0.0015746   0.0008776   0.0049221   0.0024731  -1.4077806  -0.0000009
  8  -1.4074659  -0.0005639   0.0003137   0.0023152   0.0011630  -1.4077797  -0.0000001

----------МЕТОД СКАЛЯРНЫХ ПРОИЗВЕДЕНИЙ----------

Точность: 0.0000010

Начальное приближение: 
    -6
    -3
     9

Вычисления: 
  2  -1.4037938  -0.0142992   0.0039858   0.0597844   0.0425857  -1.4077397   0.0000399
  3  -1.4068863  -0.0030925   0.0008933   0.0288766   0.0204733  -1.4077731   0.0000066
  4  -1.4075755  -0.0006891   0.0002041   0.0139631   0.0098829  -1.4077787   0.0000009
  5  -1.4077324  -0.0001569   0.0000472   0.0067564   0.0047792  -1.4077795   0.0000001
  6  -1.4077686  -0.0000362   0.0000110   0.0032709   0.0023132  -1.4077796   0.0000000
  7  -1.4077770  -0.0000084   0.0000026   0.0015840   0.0011201  -1.4077796   0.0000000
  8  -1.4077790  -0.0000020   0.0000006   0.0007672   0.0005425  -1.4077796   0.0000000
  9  -1.4077795  -0.0000005   0.0000001   0.0003717   0.0002628  -1.4077796  -0.0000000

----------ПРОТИВОПОЛОЖНАЯ ГРАНИЦА СПЕКТРА----------

Матрица: 
   0.500769614673906  -0.277160000000000   0.445700000000000
  -0.277160000000000   2.041499614673906   0.077740000000000
   0.445700000000000   0.077740000000000   0.452429614673906

Собсвтенные числа: -0.0000000 0.9048580 2.0898408 

Собственные векторы: 
   0.696590970760792   0.696590437129253  -0.171821949571683
   0.121497743784434   0.121495187611897   0.985128020940650
  -0.707106298734377   0.707107263636308   0.000001715771681

Максимальное по модулю собсвтенное число: 2.0898408

Отношение собственных чисел: 0.4329794

Точность: 0.0010000

Начальное приближение: 
    -3
    10
     4

Вычисления: 
  2   2.0883637   0.0063599  -0.0014772   0.0184033   0.0181617   2.0898427   0.0000018
  3   2.0895636   0.0012000  -0.0002772   0.0079634   0.0078512   2.0898409   0.0000001
  4   2.0897889   0.0002252  -0.0000520   0.0034485   0.0033984   2.0898409   0.0000000

----------МЕТОД ВИЛАНДТА----------

Точность: 0.0000010

Начальное приближение собственного вектора: 
    11
    -3
     5

Начальное приближение собственного числа: -0.5029216

   0.192990000000000  -0.277160000000000   0.445700000000000
  -0.277160000000000   1.733720000000000   0.077740000000000
   0.445700000000000   0.077740000000000   0.144650000000000

  -0.753594205979554  -0.277160000000000   0.445700000000000
  -0.277160000000000   0.787135794020446   0.077740000000000
   0.445700000000000   0.077740000000000  -0.801934205979554

  2  -0.6153373  -0.4619215  -0.1124157   0.2422180   0.1995559  -0.5217502  -0.0188286

  -0.291672693424018  -0.277160000000000   0.445700000000000
  -0.277160000000000   1.249057306575982   0.077740000000000
   0.445700000000000   0.077740000000000  -0.340012693424018

  3  -0.4979714   0.1173659   0.0049502   0.0357692   0.0255372  -0.5027246   0.0001970

  -0.409038610329081  -0.277160000000000   0.445700000000000
  -0.277160000000000   1.131691389670918   0.077740000000000
   0.445700000000000   0.077740000000000  -0.457378610329082

  4  -0.5029253  -0.0049539  -0.0000036   0.0001894   0.0001339  -0.5029216  -0.0000000

  -0.404084741654856  -0.277160000000000   0.445700000000000
  -0.277160000000000   1.136645258345144   0.077740000000000
   0.445700000000000   0.077740000000000  -0.452424741654856

  5  -0.5029216   0.0000036   0.0000000   0.0000000   0.0000000  -0.5029216  -0.0000000

  -0.404088379915578  -0.277160000000000   0.445700000000000
  -0.277160000000000   1.136641620084422   0.077740000000000
   0.445700000000000   0.077740000000000  -0.452428379915578