  23   273 59   18585  189778
  23   156 39   33704   74637
  23   180 58  391760 3659063
  23   266 36  562480  740006
  23   123 25    9736    2396
  23   111 38   48642   84007
  23    83 13     410    2584
  23    61  7    2519     432
  23   179 17   14695    3209
  23   179 11  272941    3118
  23   157 22   17561    4373
  23    77 33   62552   14077
  23   135 29  351169   32469
  23    53 37   46516   23506
  23   137 26    4917    6099
  23   158 30   35704   33755
  23   123 14    8443    2419
  23   129 37  102141  154729
  23   276 13    6146     524
  23   269 13    4977    3577
  23   176 48   59808   50804
  23   149 16   14891     538
  23   221 16    3548    4972
  23    90 29  131693   28978
  23   367 27 1634754    3459
  23   184 52   25708    8759
  23   156 53   98017   83366
  23   212 28    2244  176812
  23   110 42  219885   18493
  23   220 37   25340    4833
  23    68 15  147595     886
  23   273 37   97932   27253
  23   158 27    8798    4476
  23   231 30   14069  330232
  23   263 57   17230  158260
  23   217 39  706821 2144489
  23   181 35    6727  192932
  23    96 56  157011   21280
  23   223 21   76573  711901
  23   185 11   35822    1147
  23   117 22   73945   44908
  23   177 29  171678   22447
  23   136 45   34746   43313
  23    79 46    5799    5747
  23   358 35  333631   16116
  23   111 42   30196  974606
  23   216 29    1348    3947
  23   137 37  471506   25284
  23   266 46   81295  311870
  23   219 53   98035   17363
  23   281 41   65044   22847
  23   274 12   15425    1100
  23    62 14     322     526
  23   281 39   43598  167510
  23    73 45   26745    2467
  23    63 35   42016   25335
  23   212 40  148582    6257
  23   215 39   41749  170191
  23   178 37    7491    8951
  23   142 59  238445   36835
  23   153  8   11383     601
  23   154 27   23378    4703
  23   177 20    4455   80238
  23   259 14    2695    2041
  23   131 10   13375     479
  23   222  7    2769     854
  23   548 32    8586   39040
  23   156 46   20256  131516
  23   280 35   13996   59458
  23   217 27  127253   43723
  23   277 43  415299  396417
  23   152 43  349135   10177
  23   220 28    3026    3307
  23   187 34    8708    6131
  23   275 31  125671   21060
  23   110 36   76702   19904
  23   155 37   26433 3414027
  23   134  9     287     253
  23   279 25    7295    6270
  23   108 45   24361   53772
  23   265 37  118103   18910
  23   118 44   17112 1020992
  23   219 46  280170    3841
  23   118 33    5577   11573
  23   138 25    4745   40524
  23   119 10   78286    1397
  23   180 38   49922    5064
  23   119 37    7909    9648
  23    96 43   10539  136905
  23   181 20  169914    8848
  23   272 13    4989     933
  23    90 12     308    2253
  23    90 50   52707   39767
  23   375 49  349702   12938
  23   219 27    2685    2974
  23    74 55   20796  127220
  23   134 18   20998    1236
  23   530 42  103214  253611
  23   122 10     248     422
  23   153 20  135589   17525
  23   155 27   80234    8091
  23   272 41    8131    2811
  23   272 47   15188   14168
  23   222 33    2989   83668
  23    54 34    4600   25569
  23   156 23  279960    2637
  23   183 30  195127   26415
  23   218  9     187    1374
  23   368 16    1444    4599
  23   123 19  136758    1719
  23   181 42  121263  116571
  23   219 17 1858470    6627
  23   102 24    1867    7594
  23   194 40  117081 3708255
  23    90 35  581688    4944
  23   371 26  332324    2548
  23   371 44   21062   29000
  23   154  8  137560     336
  23   119 19    2490  177438
  23   213 44   25798  157100
  23   223 48   45306  326833
  23   137 26  146313    4364
  23   545 61   23282  253714
  23   548 47  391704   42550
  23   134 31  688312 2265727
  23   568 71 1035076   68845
  23   274 35   25848   41591
  23   157 38   81141  487180
  23   139 17  519544    1840
  23   187 75 2083043 9999999
  23   141 34  498917    9147
  23   178 39  273040   54760
  23   124 17   11142    1153
  23   362 39  259101  413900
  23    68 52  532206   56152
  23   156 14    2693    7024
  23   187 15   30711    4970
  23   279 46  499397  127372
  23   368 34  782812    6545
  23   134 41    9140   17045
  23   276 57  278841  522523
  23   117 12 9999999     360
  23    58 13  111713     343
  23   574 50   51150 9999999
  23   265 40  158372  111517
  23   271 44    9421   26632
  23   141 50  119041   27182
  23   154 56   67571   55829
  23    71 16    4593     922
  23   219 67  326738  334983
  23   184 12     357     905
  23   351 60  155058 1302336
  23   212 41   90970   28562
  23   157 52   33560   93328
  23   210 24   32067   17842
  23   107 29   30277   25055
  23   550 34 5637698   77874
  23   132 14    7423   13465
  23   221 55  240094  446406
  23   208 48   78493  542846
  23   274 12     317    3142
  23    98 50   23006  127955
  23   125 31    3535    7147
  23   174 34    6030   99127
  23   225 28    7880   36262
  23   259 11   54863     289
  23    87 50   99914  250432
  23    98 12  146673     879
  23   176 28    6136    1691
  23   122 44  228415   73941
  23   280 46  325110  113469
  23   176 37   77661   18337
  23   180 21    1007    4642
  23   120 60   26511   96603
  23   122 51   11590  180109
  23   184 34   98922  652635
  23   153 10   91000     869
  23   269 38  150095  413794
  23    86 51 1061804   23053
  23   556 20  364872   15117
  23   124 41   54326 9999999
  23   265 44   16006 2065718
  23    97 29  973954    2571
  23   276 37  597515  131064
  23   130 48   87450   16052
  23    84 44   45983   18830
  23    93 23   11398    1828
  23   138 32   41886    6494
  23   140 28  211777    3958
  23   184 42 1103841   66152
  23   118 56  134016  254653
  23   214 39  203928  342253
  23   160 37   40519  523352
  23   105 37  334299   96448
  23   124 35 1389030    2593
  23   225 35  268934  404197
  23   182  9    1703     236
  23   351 49   69637  301970
  23   182 34  105302   26732
  23   116 47    4186   18942
  23   155 28  295668    1727
  23   277 27    3703    6484
  23   213 36  130720   38906
  23   154 17   10950    1211
  23   215 30    8395   13589
  23   362 40  161506   28748
  23   118  8     225     580
  23   219 61   31808 9999999
  23   223 41   36588  179047
  23   554  9  204654     831
  23    85 41  216045    8069
  23   206 52   15565 9999999
  23    81 45   15837   20308
  23   131 19   47719    2618
  23   187 43  509333  276538
  23   120 23   13468    6210
  23   119 30   37909   14783
  23   151 18 1010947    1118
  23   206  7     184     360
  23   546 44  619768   11172
  23   222 43   42922   35425
  23   359 11   93390    3803
  23   106 34  127506   38400
  23   119 33   53411   71693
  23    46 30   22618    7045
  23   103 29  990401    6684
  23   280 57   26445 1823557
  23    81 22    1480    9465
  23    93 52  247821    6888
  23   110 15   32709     687
  23   135  8     254     257
  23    92 21    3545    9727
  23    82 46   90288   75803
  23   119 38    5127    9891
  23   355 15   11980    4709
  23   361 53 1338499  631873
  23   276 16    7600    4003
  23   184 33  169376  131900
  23   159 35  404852 1705213
  23   131 46   22680   56999
  23   110 39   51567    5791
  23   372 48   33098 9999999
  23   132 44   33055   42120
  23   184 53 4685113  119710
  23   100 56  202434 6025116
  23   271 34  141662   80350
  23   544 12    7549     565
  23   354 37    8332  202165
  23   212 46  247716  207063
  23    75 34   29939   10598
  23   163 53 2707585 9999999
  23   358 20    1267 1073721
  23    49 41    3918   13953
  23   261 21  303228    2010
  23   216 10    4595    1706
  23   102 19    1425    1564
  23   157 20    4232    4735
  23   114 38    3700  146693
  23   104 36    4072   19980
  23   367 22  154280    1533
  23   270 15    5099    3072
  23   215 13    6865     587
  23   142 27   17199    6310
  23   123 32  440847   37600
  23   571 22  238430   15355
  23    75 17     443    1404
  23   141 39   26421   12500
  23   220 60  106222  109478
  23    74 52  280425  147517
  23   155 24   31204   50867
  23   554 46   23300   21534
  23   181  8 5153689    3448
  23   272 36 9999999  982300
  23   120 48   72542  383268
  23   209 50   59543   12582
  23   372 12     307     347
  23    71 17    1389     428
  23   377 37 1299211 1047475
  23   220 51   40870 9999999
  23   116 32   26759    5335
  23   153 51   12794  512150
  23    82 21    1690    1940
  23    87 28   12497    7411
  23   120 30   26029    5110
  23   232 35   12362   87010
  23   273 20    3324   48666
  23   379 15     775    9867
  23   183 54  452044  108842
  23   544 46  140851  332656
  23    98 19  283578   24512
  23   266 19    2317    6335
  23  1087 13  224004     484
  23   350 29   15254   12954
  23   186 46    9455   33705
  23   161 18  251651   70693
  23   121 41  938377  382066
  23   110 34  385483    2908
  23   135 10     216    4492
  23   182 23    9015   25064
  23   372 17    1893    9035
  20    81 36    2741  233982
  20   158 47   21825   35885
  20    56 17     741    3258
  20   123 38  180681  186527
  20    57 28   29715    4289
  20   107 40  112699   38475
  20   138 18  150207    2567
  20   350 20     668   69348
  20   370 48  837686    9035
  20    96 15    6932    2379
  20    98 44   32020   11362
  20   153 52   10810  360657
  20   154 49   95621  162558
  20    66 11   29459    1898
  20   272 38   55782   18299
  20    72 37   28050    1881
  20    60 42   75945  282932
  20   178 28  127568   10123
  20   119 63  135397 3630239
  20    98 35   47770  968464
  20   220 39  124908   13033
  20    93 23   22475    3812
  20    76 36  352966  161995
  20   279 21   11459    1579
  20   118 30   69925    4680
  20   154 21   45200    1827
  20    62 36   10246    8529
  20   153 15   25007    1071
  20   149 43  662726  146405
  20   266 41  778225  477360
  20    92 23  147190    7265
  20   219 44  116581  452758
  20   134 27   15091    2535
  20   130 43  154059  402452
  20   209 43    4552  103191
  20   124 33 4529399    3433
  20   117 30    1991    4451
  20    89  9     341    4061
  20   119 50   86729   65500
  20    45 41   54307 6742180
  20    81 13  699945     341
  20   545 11   33715    2489
  20   216 36  274821  696077
  20    66 18     800    3305
  20    96 56   48748  723264
  20    70 10   87980    1968
  20   215 58   22210   78623
  20   110 46 2451861  238069
  20    67 34  112969   50635
  20   385 16   88842   45323
  20   158 43  369155   30272
  20   110 34   76215   36917
  20    48 22   34845   16845
  20   353 13   18112     366
  20    98 30    3869   14426
  20    97 20  107958    2804
  20   106 43  198485   44407
  20   353 25   71653   12538
  20    82 44  127123   10662
  20    46 30    3079    4882
  20   137 36  130626   75205
  20    93 24 9999999   80969
  20    82 46   41826   26513
  20   150 22  162578   11451
  20    74 22   76230  110369
  20   133 63  158527   71606
  20   133 13   94327    2653
  20   112 35    6637   11119
  20    39 46  204226   38063
  20   157 40   14501   90008
  20    92 38   53721   13140
  20   219 41  268108   48420
  20   138 54  270946  180283
  20   154 25    7878    9617
  20    88 36   70129   28511
  20   225 56   11469  200420
  20    89 27  210341    4099
  20   122 28  195698  368016
  20   138 32   52747  705701
  20   210 40   12486    3650
  20   372 74 9999999  152090
  20   111 15   19931     528
  20    48 13     301    1878
  20    99 28  107601   20201
  20    77 54  402869 5731832
  20   156 38   35700   52273
  20   155 35  117617    2169
  20   213 31    7117    2102
  20   153 60  591755  819008
  20   158 15   20419    4068
  20   182 35   19985  167188
  20    77 40 1244654   26585
  20   213 38  699187    6754
  20   192 50  272551  121359
  20  1118 48   53417  790412
  20   222 40    6160   41526
  20   138 66 5683616 7526814
  20   118 48  164984 2091944
  20   263 27  221096   31049
  20   272 16    1869    6621
  20   180 28    7407   15156
  20   108 23  222072   29860
  20    87 21    8550    6545
  20   271 19    3828    2446
  20    95 40     860    3988
  20   130 41  361196   52529
  20   211 35  138247  373928
  20   157 22   59869    6915
  20   106 51  575265 1386512
  20   115 48   13599    7042
  20    73 40   17462   12251
  20  1108 39   29097   61234
  20   161 31   19665   26534
  20   111 34   91168    9848
  20   221 46  682018  249920
  20   365 38  439768   20928
  20   152 43   10769  233894
  20    98 42   38466    7926
  20   353  8     277    1359
  20    89 43  152595 4318744
  20   365 27   14516   12701
  20   287 46   24872   66809
  20    97 50   21509  437725
  20   148 11   29632     402
  20   270 22  147780    3298
  20   137 59   61216   73704
  20   157 51 1270903 4130367
  20   139 14    1641    4077
  20   364 14     472    2930
  20    96 36  223289  140206
  20   558 56   10023  751411
  20    39 45   48074   30982
  20    83 42  232619  121336
  20    62 35   46961  329600
  20   172 12   90754    4744
  20   129 37   55342   30296
  20   136 34   19120    5473
  20    67 42    5307  103074
  20   369 44  767315  191747
  20    86 17    1260    1472
  20    90 48    8298  743209
  20   104 20   10397    5715
  20   381 40   55443   20246
  20   135 59   32480 1321286
  20   137 24    3889    1077
  20    88 44  181615  219738
  20   545 12   11667     402
  20   100 45  694887  592680
  20    94 40  200686  121258
  20    98 31   29378    3572
  20   264 19  138078    7793
  20   120 12    7781    2903
  20   134 51  244247  727709
  20   117 27  261409   18086
  20   103 37   39064   18295
  20   369 19   37282    6376
  20   155 48   23553   67849
  20   185 19    1442    5769
  20    82 19  490087    2543
  20   133 38 1389361    4232
  20   182 36    1072   19196
  20   269 33   54575   63704
  20    82 11    1676     398
  20    97 45  113353   99146
  20   141 32    6968   71690
  20    44 24    1061   21736
  20   139 56  123550   67171
  20   151 52   62815   61662
  20    93 23    5862    8156
  20    58 10    1518    1081
  20   180 66  205801 3503717
  20    95 34   12003   17316
  20    64 35  131634  185230
  20   217 13   51315     701
  20   218 69  149164   73166
  20   273 42   50341    7796
  20    75 21   23416    2050
  20   124 21    5578    2995
  20   553 13    1327    1721
  20   173 47   37388   75603
  20    83 49   20829  167551
  20   180 35  170443 2648399
  20   120 38   41030   20210
  20    90 43  109588   49198
  20   135 21   14690    1714
  20   151 58  116437  758029
  20   134 58   76274   83809
  20   176 41   91310  256161
  20    58 42    4475   12913
  20   269 24    1042    5681
  20   154 11  302774     720
  20   108 55  102907 5336232
  20   114 16    8324     594
  20   120 20   45059    2709
  20    64 34    8267   24283
  20   136 18     964    5746
  20   139 14     704     997
  20   219 31   88242  350200
  20    84 18    9351    1937
  20   100 30  372042   44734
  20   183 49  752194 8709783
  20   217 52   30378 1052807
  20   118 50   34444   28272
  20    82 32   84839    3340
  20   120 51   64197   50314
  20    55 31 9999999    5202
  20    89 47    9683 1890716
  20   120 51  207904   12265
  20   368 35  596034  138349
  20   270 10     276    1013
  20   107 41    8055   23700
  20   108 23    3937    6593
  20   124 16 5855108    3603
  20   157 41 1135506   52674
  20   138 39  110661   84842
  20   226 23  319923   36187
  20   138 28    9405    7247
  20   183  9   16751    1438
  20   178 22   49887    6979
  20    56 15     528    4111
  20  1072 19   41590    1638
  20   224 39    3862   78974
  20   153 46   58546   10901
  20   122 32    4878   11228
  20   218 25  150659    2809
  20   152  7     161    1975
  20    96 25   21690   22366
  20   177 35   20476    8438
  20   123 45    6314   45523
  20   142 43  545043  163691
  20   208 50  172865  287717
  20   185 14    3811    1418
  20   109 35   11169   14960
  20   189 41   22250  268093
  20    71 30   28903   29897
  20   185 35   23815   29158
  20    68 25    1656    3346
  20   133 31    9704  302987
  20   152 27   28940    9088
  20    62 32   44715    6012
  20   122 11   35446    2432
  20    78 41  209232    5425
  20    76 59   40588   39034
  20    66 48    6142  197244
  20    81 18    3273   29720
  20   139 36    5794   15517
  20   138 43   49613  342615
  20    50 18    1593    1285
  20   211 31    9529  247423
  20   100 18  157517    5076
  20   184 23   26996    4204
  20    97  8     182     398
  20   136 49  329542  810927
  20    91 35   24856   14822
  20   156 54  433166 1131767
  20   351 35   17021   11753
  20    90 23   19589    1103
  20   281 53  141796  237364
  20    49 36   37115   95733
  20    95 21    1557    3174
  20    83 20   21321    1409
  20    90 36  117117    6520
  20   176 34   94125  201008
  20   359 36  375341   41022
  20   114 27    6595  117845
  20   134 46   20369  896671
  20    91 33   42938   37909
  20   151 19   15388    4474
  20   109 27  458822    5354
  20   129 27   32527    2854
  20   574 34   56310    6416
  20   212 41  528033  140033
  20   147 39   66444   21208
  20   151 42 9999999   35477
  20   184 36   38277    3301
  20   219 31  294918    1793
  20    64 47   43067   12883
  20   135 65  219282 1220885
  20   217 21    3159    5597
  20   181 20    2938    2473
  20   222 40   33074   36192
  20   161 31    3677    8810
  20    49 47   28486   17006
  20   183 59   17459 2271684
  20    91 10  235404     994
  20    52 25    1167    8245
  20    94 38  130942  875419
  20   107 36  196252   11088
  20   150 53   88966   45532
  20    98 34  224410    5347
  20    81 19   13815    3905
  20    51 43   23591   92407
  20   133 19     765    1922
  20   181  8     178     911
  20   133 36  264993   92678
  20   108 17    2222   13509
  20   139 26   61151    6108
  20    73 39   56597    8044
  20   186 33   10892 7448650
  20   212 32  130839   23679
  17   209 20  880589     785
  17   155  9   18952     334
  17    97 38  136087   11785
  17   218 37  652001   32308
  17   135 41    2962   16316
  17   100 42   20675   16674
  17    45 43  137877    8612
  17    98 41    8189   23156
  17   180 13  332273    3902
  17   555 40  714147   35037
  17   272 46  158012   58240
  17   176  8    8256    2501
  17   184 25   17884   12901
  17    82 29   88324    1717
  17   176 17  341700    1054
  17   176 41  160540   68196
  17    52 46   15440   66442
  17   150 38   10504   63500
  17   155 10    5106    2498
  17   112 36  111626    5118
  17   216 33    9104    8984
  17    69 36   21656   22250
  17   121  9    6456     235
  17    67  8   74930    4141
  17    87 25   18167    2968
  17    52  9     206     208
  17    96 36   81379  123866
  17   133 39   35167   33345
  17   130 23    4665    1187
  17   121 16  190597    5112
  17    67 10    3040    2410
  17   120 42 4347786   38424
  17    67 22  327295   10474
  17   130 14   67442     859
  17    50 16    1438    3826
  17    81 48   32331    9645
  17   182 49 1310779   77645
  17    85 37    3948  239297
  17    97  9    2872    2378
  17    69 38   18514   38040
  17   180 31   19878   35127
  17    72 48  571403   46671
  17    84 42  459859  109402
  17    99 22   13540   18074
  17    53 36    7551    6302
  17   262 55  543776  536090
  17   100 23    1490    5505
  17   111 24    1395    8912
  17   156 32  151681   20278
  17    81 31    5380   14560
  17    97 33   67455    8017
  17    83 26    4818    1785
  17   120 17   19757    5005
  17   132 20   17393   33736
  17   179 10 1109530     865
  17    32 39    2887    5857
  17   110 39   42291  381120
  17   154 13     308     332
  17   111 41    8378    5299
  17   151 32   15554  145612
  17   120 16    3503    9688
  17    89 41   37310  103376
  17    89 24   31959  190145
  17    46 23   27460    3004
  17   120 24   34552   35109
  17    98 16  149597    2446
  17    58 47  130024   38538
  17   106 25    1807    4244
  17    83 22   22403    1669
  17    33 16     856   46228
  17    58 11    5041    1262
  17    86 16    2916    3210
  17   112 27    2417   33314
  17    89  9     155     311
  17   270 20  285170   14082
  17    93 55   12466  526653
  17    72 38   24671 1563268
  17   119 43   18472  366077
  17    67 16   15022    1579
  17    43 39   34751   67381
  17    63 31    3232    4745
  17   112 56 1153977  509643
  17   106 40   28044   10420
  17    53 34   24825    2803
  17    95 35   68144   84283
  17   146 41  149163 3289052
  17    62 17    2155     707
  17   118 50   26160   21844
  17   150  9   12365     494
  17    32 15   12324    1241
  17    85 51  226151   25118
  17   181 29   48247 6610883
  17   179 19   69900    2210
  17   218 30  237982   11615
  17   121 29   35214    2786
  17    91 48   47650 5751192
  17    51 31    3797   64483
  17   110 54   64887  140121
  17   173 16  555533    3886
  17   138 46   28988   27642
  17    46 21    3708    7622
  17   105 14   10313    1256
  17    68 36  114705  834891
  17    89  9    6012     643
  17    87 25    9951    2333
  17    75 26   42702    2075
  17   104 53   41646 5688365
  17    59 45   21142  726577
  17   121 33  257637  191047
  17    75 43    6605   64425
  17    76 18    6965    1695
  17    96 17   55084    2493
  17    73 33   27317   89558
  17   181 50  178887  251574
  17   104 51   62728   16679
  17   107 14    1777     706
  17   153 16    3587     859
  17   135 35   30939  141984
  17   160 47   69870 2347499
  17   176 28  295401    5427
  17   150 53   12706    2991
  17    69 33   15091    4188
  17    57 30  403370   16018
  17    64 45   25796  264487
  17   224 37  282272  142601
  17    72 32   87162   70061
  17   217 26   23295    2895
  17   214 31   36188    6793
  17   149 15 1173301    1697
  17   151 49   55101   48300
  17    92 21    4128    2081
  17   374 24  472233    6177
  17   157 34   16770    5098
  17   155 55   51454  383351
  17    58  6   12435     170
  17    37  8   11905    1546
  17   218 49  141048   17869
  17    73 23  178899   12279
  17   181 29    6843  273307
  17   158 12     619 2046902
  17   359 62  248226  609475
  17    96 43   22151  364478
  17   155 57   54434 2005118
  17   180 52   39425  258856
  17    97 50  872409   84185
  17   153 11    5624    1553
  17   112 65  515165 9999999
  17    69 26    3078    9786
  17   136  8     221     875
  17   269 20 2534045   56409
  17   174  7    1536     808
  17    91 17    3978   10437
  17    80 34   94239   12481
  17    92 24   59365 1535033
  17   185 19   97519    3837
  17   130 38  109559   21259
  17   182 22   15452    1052
  17    70 16    1088    1690
  17   117 55  205496   10288
  17   176 17    5263    6852
  17   156 52 1815500  136555
  17   133 37  108070    9609
  17    86 33   24022   26099
  17    36 32   21063    3982
  17    92 53  275355  522637
  17   274 29   30669 1445095
  17    80 29  147960   32997
  17    64 29  793242   11300
  17   107 24     970    6687
  17   135 15     460     615
  17    95 41   79260  121481
  17   104 49  127469 1003017
  17    77 49   28246   38523
  17  1061 37   38806   45698
  17    49 32    5302   19854
  17    95 53   51337   26982
  17   109 14    4366    3630
  17   150 16   23990    8987
  17   123 15  376330    1754
  17    52 32    4260    4817
  17   278 34  718163    5504
  17   121 28    2483    4142
  17   129 40  103913  177693
  17    86 31   40000   12940
  17   107 16   15061   17891
  17    82 34 1982930   58705
  17    99 60 1337141  116055
  17   145 39  666434  156165
  17    94 24   31378    1857
  17    70 32   15169 9999999
  17   119  8     280    4340
  17   139 16  596014    5044
  17    56 20   88904   22215
  17   154 32   24881   17184
  17   176 48   19428   12892
  17    74 26    7215    2341
  17    90 25   31870    4030
  17   222 44   41288   59233
  17    90 36  178820    9504
  17   156 28  290522  128394
  17    94 28  133666  252923
  17    96 39  127507   31302
  17    68 20   10367   10459
  17   211 46  129643  422552
  17    67 39  301930   51712
  17    78 23   24598   11672
  17   102 36  296380   15559
  17   103 41  296506   43619
  17   173 46   99392   20098
  17   157 32  183295   32795
  17   157 38   14126 4568674
  17    72 24    6024    1525
  17   178 44  713796   28404
  17   135 41  147603    7964
  17    80 12     304     761
  17   112 60  132930   97594
  17   129 53   13505   14778
  17    89 24   17958    2568
  17   103 30 6907270    2063
  17   155 55    9647  148109
  17    81 41   28275    8256
  17    56 11    5514     929
  17    72 34  138928   22143
  17    75 34    2445    8786
  17    99 49  128022   23555
  17    56 35  112423    5823
  17   122 18    3669    1412
  17   280 48 1368234   47940
  17    79  7     158     769
  17    43 35  149572    3320
  17    94 43   92078    6008
  17   213 14    6639    2264
  17    57 51    4494   37577
  17   369 15   16098    4585
  17   114 36    9535    7634
  17    97 52    6896  211233
  17   223 22   16171    4231
  17   117 23    2562   42913
  17   121 35   16840    2975
  17    77 10   68656     473
  17   134 36   31807   61367
  17    98 41    7721    9017
  17    97 20    6255    3062
  17   534 54   39523  227926
  17   178 24  133793    2148
  17    55 27 9999999    3096
  17   119 29   55307   33242
  17    46 27   58792    4507
  17    74 60   84125 6989633
  17   121  9     217     625
  17   118 59    7657  173992
  17   106 44  205853  217443
  17    59 38   36598    4772
  17    89 57  136513  386009
  17   215 12    5499    3202
  17   118 17   12624   39996
  17   158 38  276807   12206
  17    96 49  170325   82079
  17    64 44   40792  754616
  17   101 44   58110  287105
  17   272 16    6179    1638
  17    99 38   23532   35287
  17    98 52  695615   15408
  17   165 25 1657450   17724
  17    81 38   54869    6721
  17    73 40 1498522  136822
  17   276 12     315     943
  17    71 17   14049    8811
  17   122  7    8471    3331
  17    89 24    4097   13372
  17   106 10   46935     304
  17    91 19    6411    2626
  17    70 48    2725 1098847
  17    83 40   20763    9037
  17    72 21   14866    2471
  17    90 15     774    2266
  17   138 21 1023722    3918
  17   125 47 1498868 1496790
  17   216 27   11667   91848
  17    60 25  179357   33100
  17    51 31   40255   83568
  17    55 31   48125    8691
  17    65 44 1630048   13481
  17   272 51   93168  426835
  17    34 39    4553   16112
  17   268 46   19771  209684
  17    46 40  136548   13169
  17   109 27  202240  347748
  17   110 45   28698   76894
  17   208 33  483954  127869
  17   132 30   41780    4497
  17    73 17  343342    1051
  17    90 44    4770   93235
  17   131 20    1373    1641
  17    79 38   17580   48151
  17    88 70  212237 6432257
  17   137  7  219952     173
  17   118 18    1593    4956
  17  1109 29   36624   74518
  17    78 35   37671    8316
  14    64 53  133077   88850
  14    59 39   16858  177304
  14   106 15  111821   14815
  14   117 22    5108   27858
  14    80 29   47303   24145
  14    80 17  302042    2483
  14    79 57  309359  131613
  14    54 50  552175  265132
  14   149 18  270747     966
  14    49 44   18907   47311
  14    77 38  274128 9999999
  14    77 12   64673   10947
  14    42 37   28778   50285
  14    36  9     239    1206
  14   141 51   52615   41506
  14   117 22    8349    7514
  14   104 28    3035  126073
  14    41 35   16694    9326
  14    59 11  121089     569
  14    63 46  112215  493958
  14    61 39 1332918  788864
  14   152 43   29503    9890
  14    98 53    7620  184236
  14   150  9  902073    1050
  14   110 25  501770  128136
  14    53 34   94937   91288
  14    58 19     836    8662
  14    59 39  290256  123076
  14    77 20    5569   33971
  14    43 38  221852    4307
  14   111 22   13193    1859
  14    49 54    3434  474573
  14   105 48   20270   22350
  14   111 35    2877    9742
  14    89 23  187013    5589
  14    79 30   27161    6276
  14    52 25    1163    3583
  14    60 15   20459    3843
  14    77 47    5234  107602
  14    45 50  251913  136124
  14    39 34   37445   11890
  14    68 29    2821    3927
  14    75 42   35670  156796
  14   157 28    2717   45319
  14    53  8    7843    1574
  14    92 31   84525    2312
  14   103 25  536543    6257
  14   155 54  375571 1401504
  14    63 29    2284   12040
  14    94 45    6474  125647
  14    82  8   75956    1063
  14    71 27    5540    8556
  14    48 43   41345  389381
  14   155 36 1669996   15837
  14   184 48    4654  166368
  14   118 40  498838   47273
  14    51 22    2178    5046
  14   108 41   57161   11356
  14    81 23    3474    7280
  14    98 23   66389    2900
  14    54 14     409    7150
  14    44 40   30300  112826
  14    58  7   11616     989
  14   163 24 1939417   28373
  14   136 35   87951   14384
  14    89 22  177975    2879
  14   181 17    4300    6122
  14   121 31   78343   18674
  14    81 42   93742   20033
  14    70 35    2393   10909
  14   133 23   14458    3182
  14    66 39   98613    1819
  14   137 25 9999999    7443
  14    64 14    1646    1992
  14    34 37   81579   13266
  14   106 20    5646   12921
  14    56 34  699317   82510
  14    27 34   28615    2363
  14    68 31 1902313    2655
  14   115 49   27487   11600
  14    66  9    2252     611
  14    87 53  101774  100195
  14    74 21    2599    2813
  14   137 48   12666    4855
  14   106 42  262308   37647
  14   136 32  218233   73378
  14    49 15  254209    1732
  14    35 17    3006    5498
  14   220 30   71148   18013
  14    82 15    4596     879
  14   139 59   32671   76327
  14   155 42   45809  434409
  14   152 10    1181    1396
  14   131 35  271196    2195
  14   280 50  680891   29515
  14    31 10    2106     561
  14    54 38   44248    4781
  14   219 48  700267   23489
  14    50 25    1436   16336
  14   151 39  116860   10335
  14    92 67  663106 2088508
  14    41 14    3540    1552
  14   175 47  205285 1625587
  14   180 47  535780  128733
  14   109 39   46005 2197978
  14    25 23    3073     805
  14    33  9   67364     540
  14    74 33   70624   59689
  14    85 56   10199  940259
  14   276 39 2737958  293422
  14   116 62   12563   47779
  14    40 18    5225    2471
  14   124 49  487896 9999999
  14    81 53  235611 3528495
  14    42 31  354905   12409
  14   219 25  103026    1727
  14   119 21     501    1149
  14    72 52  407876   80742
  14    83 19    1340     751
  14    38 29   16596    6092
  14    88 24  277823    3059
  14    58 29   85714    8014
  14    91 27    3174    5519
  14   114 22    7223    1811
  14    41 28    3214    3831
  14    98 17   14795    1248
  14    68 17     456     542
  14    58 17   32225    1889
  14    62 23   11198    3511
  14    84 36    3753    2602
  14    43 25   10101    2103
  14    67 43   32072   30609
  14    67 62  806851  168124
  14    86  9     234     217
  14    68 34   86654   22396
  14    55 16    2270    6376
  14    34 22   46389    1943
  14    80 28    9578    7257
  14    77 30   54574   28178
  14    64 30    6198    9086
  14    80 54    5253   71297
  14   105 45   20659 1519407
  14   105 51  730310   79069
  14    74 29    5740    2955
  14   182 48  779773  135602
  14    72 17  100440    3771
  14    58 26   13560    3122
  14   159 37    7998 1605957
  14   138 29  112274    3413
  14   132 39   50618   18223
  14    83 38    8188   41822
  14    36 28  118751    5620
  14   175 30  303168   19331
  14    52 38   11104  170150
  14    89 50 1227110   77457
  14    61 37   23763    2056
  14   141 45   56460   64806
  14    88 33   62854    8282
  14    75 17  157336    7209
  14   126 11   23047     361
  14    58 43   21796  288131
  14    93 46  792403   58022
  14    38 12   50062    2598
  14    53 23    5351   11548
  14    60 14  123163    1768
  14    22 18   30012    5761
  14    79 23   74369    2489
  14   104 48  392681  115020
  14    90 27    6889    5580
  14    54 48    2678   25707
  14   133 41  127590   84686
  14   540 27  838812    4349
  14    44  8     249    1262
  14    68 26    4410   40212
  14    80  6    4905    1478
  14    64 31  174607    6379
  14   214 26    5445 9999999
  14    31 19   12411    5980
  14   131 37   31581  189749
  14    76 37   65177    5527
  14    48 41  225700  176323
  14   117 20     697    2034
  14   260 38   92115  994843
  14    88 30   52205    4842
  14    46 24    2376    3632
  14    52 15    3747    3809
  14   102 37   92883   23310
  14    36 38   16373   73691
  14   118 42    5587    2842
  14   152 10    3775    1377
  14    83 56    8799  441739
  14    70 24   10273   10398
  14    89 43   55899    7370
  14    63 42   19551   26230
  14   121 55  589679 1976054
  14   109  7     163    1063
  14   117 16  398730    2186
  14    85 27   12998    4771
  14   120 33   37206   10994
  14    34 16    1239   74878
  14    89 18  652724    3914
  14    51 12   23201    7867
  14    53 54   28765  463498
  14   107 22 1975893    2793
  14    55 44   88272   28821
  14    51 49  612114   17413
  14   136 22    2308    3391
  14    48 16  129039    2612
  14    60 17    2472     782
  14    69 25   23764   19680
  14   152 10     473    1613
  14   116 49   56624  271369
  14    51 49  112939    7779
  14   170 34   12517    3871
  14    88 28    3764   42120
  14    60 22    2002    5905
  14    71 26    8171    7948
  14    83 14     339    1961
  14   121 60  169277  425356
  14   106 50   13068   40589
  14    55 35   63709   82245
  14   149 39   30491   66262
  14   107 45  126384   41637
  14    60 36   96913   66617
  14   184 15  578738   66305
  14   183 12  108268    1316
  14   122 51  469813   24056
  14    48 29  237981    1298
  14   106 34   33973   23360
  14   172 68   31645  401655
  14   149 30 1816851 1014851
  14   106 38  339259   64391
  14    62 30    7034   19149
  14    76 28    5169   13611
  14   109 14   52193    2512
  14   121 44   79779  396297
  14   120 54   90473   27835
  14    44 12   45556    6075
  14    64 21   95009   24334
  14   100 36   31150   52592
  14    44 35   24317   53424
  14   184 48 2889577  291693
  14   136 42   47456  313130
  14    31 16     656    2666
  14    77 42   29869  168717
  14   106 19    1575     944
  14   108 31    6507    8246
  14    29 24     933    2384
  14    81 13    6623    2989
  14   132 15   28824    5971
  14    54 39   14110   11204
  14    91 48  193033   55581
  14   358 27  103524 2205496
  14   119 26  138903  238510
  14    44  8    3778    2096
  14    40 21    6850    3831
  14    45 45   21548  679441
  14   184 43   41100 2199611
  14   117 36  287182   11071
  14   138 37 1264261   35437
  14    85 26    9161    3944
  14    92 27  153855   61824
  14   104 49  144688   10787
  14    83 51   16703   59483
  14    47 28   79614    4711
  14   120 36   70295  295116
  14   150 16   13183    5213
  14    69 29   38172   74205
  14    47 32    4434    5695
  14    88 27   40724   30398
  14   104 47    9739  229436
  14   188 23  159707    3318
  14    61 49   13176   14850
  14   116 36  474952  306067
  14   215 26    2802    5439
  14    67 11    1423     513
  14    56 33   12873    4801
  14    87 13  395754     532
  14    41 21    6035    6466
  14    86 17     788    4615
  14   137 46   61890  736341
  14   158 40  308970  247240
  14    64  7   71726     419
  14    81 35   82181    3208
  14    79 20   13153    8047
  14    47 55   28275  120068
  14   133 56   64797 5770252
  14    55 13    5068    1943
  14    71  6     162     254
  14    58 38   43966   52867
  14    66 14  362929    2129
  14   180 55   10613   36511
  14   111 45    5251  618636
  14   351 23    3627    3873
  14    58 19    5536    1024
  14    60 34   28183   44401
  14    31 38   49019   92080
  14    72  6     139     588
  14    78 22   29313    3758
  14    17 29    1926    3167
  11    27 22    1866    3399
  11    44 37   46438  322074
  11    70 40   38426   22331
  11    54 45   77145    7419
  11   101 35   48590  127072
  11    56 42  162423  459016
  11   135 27  117811   19037
  11    98 50  199567   95228
  11    75 47   29910  355244
  11    34 27    6230    6303
  11    32  7     156     342
  11    30 11    7111    3733
  11    24 22   22832    4743
  11    46 14     949    1212
  11    68 25 3823204    2286
  11    82 31   97282 2463719
  11    51 31   14689    3145
  11    37 36   96542    6912
  11    28  7     199     631
  11    32 15    1055     958
  11    46 51    7800  219522
  11    53 15   28775    1329
  11    30 29    2600    3135
  11    51 39   77184   92346
  11    45  9   45937    3111
  11    59 36   23441  128935
  11    22 10    6986     566
  11    25 16  179321    2928
  11    81 38    9689    7123
  11    47 35   34191   12323
  11    98 29    5389    8186
  11    41 32    6344   36882
  11    74 38 9999999    4806
  11    61 47  272092   94926
  11    79 39  126198   37509
  11    61 27   10529   58821
  11    88 10    2024    2438
  11    48 52   13540    6241
  11    42 24    5809    2817
  11    66 45   23066    4508
  11   107 43  289127  177499
  11    45 16   23215    3741
  11    15 18    1115    1343
  11    63 21    3129    1870
  11    83 35    4606   17321
  11    49 28    4492  609372
  11    40  7   24983    1431
  11    92 17   43961    1280
  11    81 10    6820     899
  11    32  8     203    1043
  11    89 54  100665 1778635
  11    99 47   50383   17899
  11    79 48  125004  202745
  11    74  7     719     200
  11    75 24   77266   71459
  11    55 48   13673   49611
  11    98 51   36308   26983
  11    39 16    8831    1899
  11    43 11   31156     488
  11    91 23   16948   38031
  11    78 28   35064    2777
  11    41 14     964    3886
  11    32 34    4392   43729
  11   123 24  197249   17621
  11    50 23  736942    6955
  11    46  7     217     223
  11    52 16   39843   15576
  11    32 36   11170    8517
  11    69 57  103219   21858
  11    75 44  359732   34422
  11   154 13   60701     999
  11    39  9    2692    1092
  11   108 16     492    1713
  11    63 13     413    1305
  11    88 40   46883   35961
  11    44 41    9047  254749
  11   104 15    2622    1394
  11    18 31    2613    1356
  11   262 58   78147   53016
  11    79  9   90971    2650
  11    60 17    4696     935
  11    22 15   17457    1263
  11    42 19    2847    2751
  11    36 23    2013    4650
  11    31 15    8069     981
  11    65 29   75843   10318
  11    51 19   67145     685
  11    31 27    7362    2439
  11    89 20   26077    1475
  11    47 40    4317   14332
  11    53 34   81945   12812
  11    72 34   27224    5656
  11    92 55   13038  499054
  11    62 41 9999999   21511
  11    29 29    1318    6020
  11    12 14     406    3350
  11    41  8    1438    1207
  11    42 18    7294   11906
  11   138 15    2888    2827
  11   131 49 1782980  257695
  11    39 42   42652    5903
  11    42 44    7313    9701
  11   183 47 1493394   27275
  11    41 32  153611    8583
  11    83 27   26823   50595
  11    31 29   45190    2597
  11    53 22   76443    1498
  11    47 38   10557 1595534
  11    74 12    6123    1156
  11    71 31  218516    3285
  11    19  9     329     421
  11    38 11    2753    1284
  11    27 17   22492   11613
  11    39 22    2549    5054
  11    48 45    4182    8969
  11    34 12    1200    1441
  11    34 17   10917    1493
  11    32 17   12164    2371
  11    74  7   23212     364
  11    87 36   78851   11702
  11    25 26    3530    1156
  11   107 48    3010   43747
  11    39 13    2187    1196
  11   116 30    5294    4638
  11    39 20  129441    4884
  11    48 46   15433   14829
  11   115 41  313645    5766
  11    58 43   15652   23246
  11    40 24    4294    2023
  11    83 53  144695   48649
  11    51 60  882353    2912
  11    53 36    9871  127459
  11    71 19    5491    4359
  11    57  7     868    1075
  11    40 25  134463   25722
  11    37 32    5301    3754
  11    34 33    8722    8544
  11    44 29   12035    2178
  11    54 11    3360     728
  11    30 31   11622    3159
  11    32 28    3346   11791
  11    29 19     978    2336
  11    75 45    6731   24445
  11    36 39   22409    5080
  11    82 50   16509 2374131
  11   182 59   94527 1310626
  11    73 35    4170    9317
  11    92 18    8809    4847
  11    50 31   46408    1696
  11    47 27    4473    3506
  11    33 24   23935    1471
  11    49 42    6915    7473
  11    21 19    7346   15720
  11    57 28   11290    1429
  11    75 36   92594    4272
  11    22 26     824     718
  11    78 34  156020    4769
  11    22 19     780    1345
  11    58 48   14997  210917
  11    45 10     540    1686
  11    38 24   22920    3093
  11    39 37   25440    8676
  11    47 40   17425  182110
  11    97 15    4565     452
  11    38 48   13855  278187
  11    41 19    9264    4195
  11    75 44   69933   25715
  11    59 32   62387   10645
  11    33 43   24107  500099
  11    55  9    2571     452
  11    47 27  133593    3605
  11    23 19    1340    1797
  11    41 17     590    7495
  11    48 25    2875    7579
  11    19 27   12006    3979
  11    75 47    9077  187501
  11    66  8     595     963
  11    20 14     934    1157
  11    25  8     241     509
  11    26 13    1395     764
  11    90 33   56388    7374
  11    94 15   64276    1480
  11    42 30   39542    3380
  11    22 32    4377    8735
  11    40 27   17219    3752
  11    34 17   10051    3621
  11    41 25  176473    3585
  11    50 32   37787   25860
  11    39 12   15554     613
  11    46 15    1719     406
  11   127 22    1211    2020
  11    64 37   13982    6184
  11    55 48   44419   40121
  11    58 16  100095    1569
  11    67 36  140084  351799
  11    30 31   33424    6123
  11    25 15     433    1323
  11    30 34    6230    9481
  11    69 17   34277    2319
  11    54  8   49961     191
  11    73 30   11668  228428
  11    52 34   15024    8737
  11    47 22    1412    2631
  11    74  8    1333     547
  11    31 34    9235    4797
  11    49 25    1104    1864
  11    56 25   21831    3843
  11    91 31    8560   10291
  11    50 11    1855    1867
  11    41 39   15148   19343
  11    41 34   98687    3497
  11    35 16     611    7529
  11    47 22   45613     802
  11   167 12  140452    1619
  11    17 15    7298     766
  11    20 30    1155   17956
  11    48 28    5185    8355
  11    40 31    5037    3643
  11    39 24    1489   40236
  11    41 10 1412017    1983
  11    50 32    7343    2867
  11    90 45   21655   86066
  11    34  8    6125     768
  11    36 28    2792    5084
  11    87 52   21933  668860
  11    55 35  123338    9421
  11    46 26   27941    7225
  11    43 46  265424   15076
  11    47 11    5614    1037
  11    98 31   14644    3267
  11   151 44 9999999 1184215
  11    53 30 1245287  209399
  11   138 45   16648 2881857
  11    37 35    5202   10113
  11    38 28   50647    4069
  11    24 28    2324    1781
  11    46 31  178989   23174
  11    48 40   12646   20716
  11    66  8     202    1270
  11    66 42   93840    9184
  11    70 42   24488   36595
  11   118 49  166688    8751
  11    68 13   32290   12652
  11    83 33   18623   37888
  11    55 13   12710     367
  11    21 13    2280    2799
  11    53 16     725    5669
  11   156 58  754254 9999999
  11    44 32   14903   13642
  11    56 30  338852    2491
  11    44 37   87441    3577
  11   116 33  130634   29708
  11   117 39   16244  143780
  11    45 25    1181    2149
  11    42 23    1307    1718
  11    39 26   13524    1571
  11    42 11   15094    1110
  11    15  5     145    1621
  11    43 23    1417    7559
  11    72 12     303   26057
  11    23 11    2794    1519
  11    65 29  420850  164552
  11    65 13     774    1095
  11    64 19    7048    4354
  11    31 22    1296    4856
  11    64 41   51251    4778
  11    43 42  250124   10598
  11   106 46   54030    6337
  11    59 45   32973   10935
  11    39  8    3117     379
  11    35 20    1675    3144
  11    38 41   61228  169484
  11   109 35   96335  303207
  11    49 29    5781  588635
  11    43 14   33755    1874
  11    25 11   20805    1050
  11    36 44   84106   23002
  11    40 39   28842   18261
  11    45 18     484    1477
  11    56 43   18503   95425
  11    56 13   50909    1207
  11    45 28   15114  423380
  11    62 37    5324  136109
  11    59 46    4366 2714490
  11    81 37   41899   31572
  11    18 13    3488    1903
  11    43 13    3765    2600
  11    49 15    1232    1535
  11    77  7     288     536
  11   216 26    6507    4208
  11    26 23     772    2481
  11    36 12   10696     767
  11   267  6     206     465
  11    46 29    4624   10050
  11    88 29    8575    6168
  11    63 34   84690   18443
  11    25 30    3085    1898
  11    41 10     310     452
  11    65 17    5733    1207
  11    34 21   16277    3427
   8    34 19   26150     914
   8    12 12     322    3630
   8    30 18    1017    1327
   8    36  7    2147     758
   8    55 16   24446    1028
   8    29  9     259     469
   8    24 33    5973    2880
   8    73 31   26875    6446
   8    29 15     568    2890
   8    49 30 2001309   60745
   8    29 36    3057    3260
   8    45 25    4956    2267
   8    40 21     954    4020
   8    23 19   13159    4106
   8    39 30   31200    7079
   8    33 28   43702    6144
   8    47 37   33311    3681
   8    21 28   10740   11337
   8    30  6     189     231
   8    24 12     727    2507
   8    23  8   11514    1550
   8    29 22   24710    2373
   8    45 25  141909    3120
   8    41 36   20438   14554
   8    43 18   72531     694
   8    23 15    3673     511
   8    17 17     863    1086
   8    27 31    3729    5031
   8    29 27    5874    6358
   8    35 32   38829   14888
   8    22 24    3096    1972
   8    25 20     710    3243
   8    18 21    1701    2998
   8    21 25     796    4453
   8    15 22    1097    2253
   8    34 12     281     439
   8    42 11    1391    1859
   8    34 32   20887   17666
   8    21  7    2336     456
   8    25 13     795    2466
   8    38  8     778    1120
   8    29 25    1721    2702
   8    13 19    1925     979
   8    18 20    2808    1218
   8    29 20    5609    2009
   8    15 22    2344    2624
   8    31 12    1075    1643
   8    76 18   24500    1386
   8    47 22    1122    5386
   8    28 25    3371    2624
   8    62 17    8874    1895
   8    42 24    2368    7894
   8    21  7     187     247
   8    36 32   13693   11395
   8    39 34   22688    5903
   8    40 38    3577    5957
   8    58 18    7587     960
   8    33 14    1329     756
   8    41 22  125039    2156
   8    68 49  192892  695581
   8    22 27     860    5556
   8    19 36   53093    8414
   8    18 13    1251    1248
   8    88 23   53939    1425
   8    19  6    2191     441
   8    25  6     165     618
   8    16 16    1241    1216
   8    21 16   10038     852
   8    25 18    8416    2493
   8    65 33   98447    5447
   8    32 15    4971    4647
   8    47 31    9575    8806
   8    43 22   16935    3956
   8    32 13     863    2641
   8    49 26  150033    1820
   8    28 35    6303   18646
   8    42 16    6162    1156
   8    47 29    1062    1407
   8    22 18    1051    3795
   8    23 16    1010    8340
   8    38 27    2275    9115
   8    13 16     608     523
   8     9  9     221     387
   8    25 10    8433     660
   8    17 28    2018    1035
   8    15 11    4348     826
   8    27 27    3803    4209
   8    17 24    2098    2302
   8    34 25    3202    3155
   8    35 18     783    1097
   8    32 44   18358  101175
   8    28 24   50259    1796
   8    26 25   17059    4731
   8    35 43   13388   16914
   8    19 18     890    1116
   8    20 24   19398   34047
   8    71 22    6425    8472
   8    43 29    9350    7919
   8    26 39    6121    7742
   8    27 20   19897    3624
   8    36 49  133421  308806
   8    12  7     181     681
   8    36 18    1466     783
   8    28 32   83318   52028
   8    27 17     646    2162
   8   118 44   32021   21999
   8    33 23    3136    2589
   8    33 34    9749    2974
   8    33 32   16510    3455
   8    28 13    1853    4476
   8    24 36   16733    3778
   8    39 23    3626   12082
   8    34 15    9631    1264
   8    37  6   50629    1593
   8    19 19     869     891
   8    28 39   24165  147382
   8    29 30   35054    2761
   8    35 10     272     792
   8    28 21   41417    7423
   8    18 20    3868    1164
   8    41 13     353    2382
   8    24 34   14140  200849
   8    30 26    5461   21638
   8    55 33   41248   43225
   8    37 10     452     665
   8    44 31    7196   24011
   8    29  9     226     946
   8    20 26    2322    1725
   8    38 42  116279  441911
   8    22 11     796    3592
   8    31 17    1374    1032
   8    39 41  261222  247005
   8    25 20   13646    9409
   8    54 30   11285   83393
   8    17 24    9219    4269
   8    28 21    7837    5407
   8    30 26    1434    1071
   8    32 14     547     406
   8    51 21   81268    2137
   8    33 33  223578    4784
   8    18 15     982     556
   8    25 24    3408    2823
   8    19  9     346     258
   8    55 27    8205   15753
   8    29 37   18298   10183
   8    25 18    5359    2764
   8    39 43   29800   76707
   8    15 11    2168     308
   8    38 43   42811   14314
   8    43 30  550306    8028
   8    21 36   30161    4506
   8    19  9     458    1094
   8    20 29    7687    9461
   8    19 11     364     695
   8    30  7     167    1915
   8    50 54    4297    5502
   8    13 18    2299    2987
   8    20 15    1382    3818
   8    21 18    3750    1152
   8    36 28     675    6294
   8    49 52   20335  430947
   8    37 46   14747  112073
   8    21 20    1929    1051
   8    17 21     655    1438
   8    28 29   10062    6456
   8    22 18   15466    2299
   8    13 22    1986    4499
   8    34 26    4265    8519
   8    28 26   16894    8184
   8    24  7     520     812
   8    21 17     950    2008
   8    60 15   18593   13808
   8    22 12     540    2064
   8    60  9    7568    6034
   8    19 16     470    2310
   8    37 24     995   18288
   8    42 13    2795     721
   8    39  9   14363    1085
   8    25 18     969    1318
   8    82 26   24557   10200
   8    29 20   10653    3819
   8    29 26   49378    4641
   8    28 24   15487    3666
   8    17 12     912     876
   8    21 29   16086   10730
   8    19 16    1625     907
   8    42 45   10922 1089717
   8    23 38    9467   12739
   8    16 12     318    1541
   8    18 12    1454     442
   8    24 15    3579    1599
   8    36 30   14974   10634
   8    22  8     562    4225
   8    27 11    2911     533
   8    42  8     806   10869
   8    34 14    1269    1240
   8    45  9    8519     416
   8    23 15   28292    1129
   8    50 42  158182    2594
   8    22  7     248     959
   8    23 27    6510    9104
   8    66 30 2554059  367191
   8    44 44   26813  140418
   8    39 21   11898    6049
   8    15 10     890     758
   8    32 17   33870    1274
   8    17 22    1595    1497
   8    34 33   22710    9266
   8    20 18    2985    7600
   8    19 28    4302    5793
   8    14 15     647     756
   8    27 21    8010    9086
   8    14 10     736     987
   8    61 33   48480    7345
   8    26  7     171     182
   8    24 16     386     876
   8    32 26   65874    6895
   8    36 27   17386    2574
   8    16 18     523    1751
   8    50 14     947     489
   8    27 14  102142     717
   8    16 10     382     504
   8    39 19   10645    1548
   8    33 21  818922     779
   8    16 29    1289    1625
   8    16 27    2554    3627
   8    12 14    1886     671
   8    22 10    3123    3652
   8    25 17   62574    1317
   8    45 38  129713  395799
   8    23 18     592    2859
   8    19 23    1797    4357
   8    35 20  118476    4791
   8    41 18    3026    1682
   8    26 32   13705    3648
   8    39 28   20300   82599
   8    22 20    2330    1119
   8    35 14   13848    2129
   8    45 37    6567    5332
   8    40 36   12256    3996
   8    25 36   11002   91623
   8    25 25    4784    5702
   8    13 12    1230     520
   8    41 11     258     479
   8    45 37   55541    3426
   8    14 23    1603    2687
   8    23 19    6633    3052
   8    18  9    1143     501
   8    18  7    5516    1050
   8    16 15    2405    2427
   8    41 32   64451    9347
   8    72 47   77919   30179
   8    48 17   30751    2368
   8    28 17   11747     715
   8    28 24   73454    3209
   8    28 24    6289    2797
   8    12 26    1125    2628
   8    36 30    6674    3946
   8    53 39    5571   41217
   8    44 37   13129   12180
   8    15 17    2798    1373
   8    28 34    7085    3139
   8    27 23    4429    1239
   8    33 24    6707    6403
   8    14 22    1516    3263
   8    28 22    4445    2087
   8    67 37   19207   79637
   8    14 22    1733    1400
   8    20 28    3181    6562
   8    34 12     302    1266
   8    36 18    1654    3948
   8    25 29    1863    3372
   8    27 32    5698    8832
   8    18 25    1374    1795
   8    35 25     977    2939
   8    32 11   11441     410
   8    17 23   11330    2309
   8    34 39  259803   74907
   8    16 26    4304    4188
   8    16 21    2507    3644
   8    20 23    2481    4650
   8    20  8     190     328
   8    42  7   10160     245
   8    24  5     124     124
   8    21 20    2788    1987
   8    30 25   16199    1197
   8    28 36   16245   32662
   8    85 32   11017   10577
   8    20 10     255    2929
   8    17 15     931     875
   8    44  8   18846    4628
   8    18 16   28300    1769
   8    42 33   31662    6079
   8    41 44    2177   33757
   8    26 24    2604    2308
   8    23 23     655    2275
   8    29 13   23282    2200
   8    69 42    1713   30145
   8    30  8    2472     775
   8    42 42   18389    7822
  30   218 68  242365  111305
  30   207 84   30548 7721245
  30   178 67   12614  177213
  30   218 59  200016   65863
  30   277 64  833878  111850
  30   224 66  805953 3796291
  30   358 65   14698  541051
  30   220 74   60236 1403050
  30   181 74  723866 5988984
  30   121 55 2381720 1800968
  30   275 59   83048   40663
  30   587 57   70920  425078
  30   279 73   17948  262236
  30   226 68 5089992  447272
  30   218 61  343647  450874
  30   269 60  270795  670188
  30   362 68   62863  190616
  30   551 74  672369   73016
  30  1091 63    7025  231489
  30  1100 66  128860  113532
  30   272 64   72253 2817696
  30   380 74 9999999  154562
  30   159 63   52176  346346
  30    84 74   48076 3169802
  30   281 65 2503813 1589390
  30   152 59  631695  175914
  30   268 66   21282 9999999
  30   550 73  276671  280832
  30    87 65   11966 1009764
  30   261 87  744909  935906
  30   151 64   51470  326943
  30   265 58   60048   42704
  30   215 72  195019  299298
  30   215 61   19642  895167
  30    82 63   14942  821169
  30   370 68 9077253  836297
  30   538 87 1570509 2411776
  30   155 63  338116  197365
  30   154 74  145247  777140
  30   140 58  243379  614409
  30   108 63  339613  173147
  30   272 56  130588  213180
  30   565 60  136620   36681
  30   136 59  150877  326654
  30   183 58  920394  232409
  30   116 62   41076   31280
  30   276 57   19607  117362
  30   374 70   19380  263717
  30   184 64  810716  617313
  30   186 65   74173  390600
  30   363 70   54017 2272148
  30   377 74   24845 9999999
  30   128 64  190826 1430623
  30   277 61  602997  223332
  30   221 64  480744  545424
  30   362 61   71903  191682
  30  1119 70  171891 9999999
  30   549 75   13628  648583
  30   559 61   86450  411462
  30   138 75   71748 3084988
  30   139 72  250932 1551245
  30   151 82  100550  822323
  30   214 75  562787 3571584
  30    80 58   98793  136429
  30   177 61   35209 1566073
  30   102 63  121812  571574
  30   179 76   93683 1138678
  30   275 66    8469  366344
  30   275 90   46628 5351321
  30   371 63  778573  750338
  30   213 69  179090   12750
  30   230 68 1760099 9999999
  30   136 51   23027   18965
  30   114 85   44200  165233
  30   279 77   20051  178057
  30   269 73   41126  550311
  30   375 67   35245  487678
  30   122 64  537603   21885
  30   221 73  129562  154856
  30   143 62  212006   43331
  30   547 77  703706 3567004
  30   188 59  929439 1982451
  30   185 64   20405 2489995
  30   366 58   30784 1065617
  30   564 59   76736  104462
  30   122 69   14869  219230
  30   152 69   10993  177513
  30   261 82 2103551 1638319
  30   354 65   26504   34549
  30   183 82   78224 8498227
  30   281 61  600176  138417
  30   111 61 1525465 2685405
  30   271 65 1140431   48167
  30   223 80   26966 1486219
  30  1110 48 1068329 9999999
  30   278 65   99856   26259
  30   547 62  383997  550358
  30   370 64 1430352  629011
  30   369 91 2965552 2092658
  30   522 76  104130  389577
  30   216 68  238654  160796
  30   185 68   16677   93852
  30   566 72  139025  111262
  30  1085 64   60634  113905
  30   276 71  752186  338156
  30   153 63  689636  107087
  30   154 66 5435063   55950
  30   179 55   16348  150841
  30   179 62  291488 9999999
  30   265 55   47421   31639
  30   137 76  255604   67954
  30   219 72 1207351 1153999
  30   130 67   20218  386511
  30   272 64 9999999   76934
  30   356 70 4189889  469529
  30   217 62   12177   11295
  30    95 60   19023   13644
  30   116 77  163379  298700
  30   551 71  814762  118300
  30   126 58  155166 9999999
  30   156 61  170178  257514
  30  1124 70   80511  135815
  30   558 68  505446 1388149
  30   564 73   14051 9999999
  30   139 65   12155   88136
  30  1074 68   61955  426153
  30   358 48   43891   82881
  30   550 60 9999999 7243264
  30   553 80  255081 9999999
  30   220 71 6980400  101163
  30   361 101 9999999  274480
  30   267 76 8611157  815374
  30   137 61   42362 9999999
  30   355 73  214061 2318260
  30   548 64   29968 6419894
  30   158 61  105415  390564
  30   266 61 1750952 1534688
  30   136 67   14319 5510814
  30   280 71   83188  169471
  30   181 70 3256264 7548348
  30  1138 82   25093 9999999
  30   204 79   89862  426896
  30    90 70  269488 1126020
  30   360 67   84452 8030107
  30   214 76  136750  257236
  30   172 75   29625  100015
  30  1135 73   79575  737716
  30   219 69  186405 5839471
  30   138 61   34749  125941
  30   128 68  129398  352695
  30   216 58   26338  254947
  30   207 68  868167  194342
  30   180 80   67855  363721
  30   220 61  184441  456754
  30   225 72   45512  869866
  30   270 62  137875   48699
  30   160 68  354126  268860
  30   364 68   87615  112590
  30   112 55  177261 2257368
  30   149 68  118707  199538
  30   182 58   68636  988238
  30   216 68   27149  492147
  30   361 60   11391 1971757
  30   278 70   83559  141435
  30    96 77 1618138 9999999
  30   214 64   77746 9999999
  30    81 65   98770  507042
  30   570 73   67158  316423
  30   135 50  105524   87408
  30   177 65   40049   36559
  30   180 73  329627   16342
  30   211 70   78131  517468
  30   557 84 9999999 8835908
  30   185 71 5782759 1252278
  30   238 68  191231 1368319
  30   371 88   11711  203912
  30   274 69  460204  175607
  30   360 76   34916 9999999
  30   189 62   62921  102922
  30   279 99 1074143  177328
  30   540 61   22932  146561
  30   280 72   29799  160945
  30   184 69  174084  143479
  30   213 72   12557 1048109
  30   544 65  182036   87873
  30   152 66   14045 4551406
  30   282 64   20072 2285193
  30   271 70   55541  478115
  30   181 59  103111  819923
  30   215 55 2447651   38889
  30   357 60   91801 1542476
  30   259 59  111842  199149
  30   138 70  330440 2093501
  30   156 61  168819   10393
  30   137 78  990931 1308845
  30   267 64   99277  443839
  30   369 73   32228  271230
  30   370 61   99206  328495
  30   377 72 9999999  128078
  30   182 61  221583 1868297
  30   545 65   41318   43093
  30   226 55  367872   44478
  30    92 64   20563   80221
  30   155 65  412054 7518411
  30   281 82   98040  215676
  30   273 60   54780   53876
  30   539 69  405706  335035
  30   551 68  257860  421760
  30   160 59   40495 2621630
  30   183 56   15012  128959
  30   270 67  154077  434864
  30   224 64 2528808 2839631
  30   181 63   34976  545969
  30   104 60   67077   50916
  30   186 70  303320  685901
  30   165 64 8493031 2561971
  30   547 62   93712  205535
  30   220 78   97842  113898
  30   275 63    8489 1212166
  30   123 50    9433    7849
  30   123 64   32003 4864709
  30   139 64  132654  599650
  30   283 70 1950511  126445
  30   152 68  223556 9999999
  30   182 62  180284  358547
  30   269 77  186670  944534
  30   133 64  617950 9999999
  30   210 59  198732 1562259
  30   185 61   47631   56398
  30   370 65   50274  220780
  30    64 80  565737   66490
  30   187 77  186995  188803
  30   219 63  229143  993223
  30   223 71  224176 6467589
  30   180 79   16777  749746
  30   135 60 2187332  477335
  30   228 65 9999999 9467953
  30   277 78  636293  145062
  30   288 80   17815  850428
  30   137 63   10235  196665
  30   368 64   22883   42551
  30   111 74  696768 3336429
  30   229 69   75253  552881
  30    63 68   50228  249844
  30   176 84   49957  368589
  30   266 72 1592702 1911012
  30   185 67   62141  160795
  30   265 75 9292840   89295
  30   215 68   81821  357312
  30   369 79  204505  673129
  30   517 63  117341   16935
  30    97 71  783928  644169
  30   279 57    3880  875831
  30   183 69   28181 2147059
  30   363 78   49181   23856
  30   283 64  247197   70970
  30   160 69  255916  626128
  30   216 72   69606 1507742
  30   343 73  424951 4243771
  30   122 62   53610 3704264
  30   279 65  260173  468627
  30   263 54   76785  171526
  30   558 60  484631 4724902
  30   362 62   32662  193094
  30   271 73   80899 3870575
  30   275 75   19003  443714
  30   277 60  196315 2290570
  30   180 58 3714755  782130
  30   351 60   42399   46806
  30   187 73  100740 1605358
  30   225 64   47511  148925
  30   356 70 1067117  133706
  30   225 62  435742   64676
  30   365 70   41580  111915
  30   364 77   67232  148004
  30   152 66   22322 1809527
  30   161 65   58941  232468
  30   364 73 9999999 5576994
  30   129 58  244160   56841
  30   559 73 9999999  254898
  30   137 59    6828   44679
  30   118 72   55180  835112
  30   557 65  213864 3309869
  30   217 68 9999999 9999999
  30  1131 63  184801   27197
  30   115 50   35920   30969
  30   185 74 2731571  252138
  30   189 72  674207  240254
  30   133 58   21267  235174
  30   281 59  201756 1489994
  30   124 68   18331  504946
  30   182 56  333430  122090
  30   358 68   34181  182513
  30   566 82   28097 9999999
  30   540 66 2944094 1086435
  30   178 64  174935 4469263
  30   134 69   91580  210467
  30  1103 68    9245 3741642
  30   162 75  228017 1663836
  30   182 65   19300  125132